
1.967501826584339142e-02
-1.375291263684630394e-03
9.243132174015045166e-02
1.274146139621734619e-01
1.929122507572174072e-01
9.042809158563613892e-02
6.802064180374145508e-02
-1.092574093490839005e-02
-5.110114067792892456e-02
3.734701126813888550e-02
-1.468459237366914749e-02
3.612764552235603333e-02
4.479746893048286438e-02
1.142331883311271667e-01
3.963346034288406372e-02
3.309682011604309082e-02
-4.142709448933601379e-02
1.261725574731826782e-01
9.167541563510894775e-02
1.184646263718605042e-01
-1.316711865365505219e-02
7.504411041736602783e-02
1.283353120088577271e-01
8.004401810467243195e-03
-1.075731962919235229e-01
1.321331015788018703e-03
-3.406353294849395752e-02
1.169405207037925720e-01
2.874933741986751556e-02
3.085477836430072784e-02
3.877964615821838379e-02
-6.809967011213302612e-02
-7.131761871278285980e-03
1.050541549921035767e-02
2.062674239277839661e-02
3.341747820377349854e-02
4.576657898724079132e-03
-5.275792255997657776e-02
4.831311851739883423e-02
-5.478990450501441956e-02
1.683600395917892456e-01
1.157882902771234512e-02
2.017788961529731750e-02
1.681492477655410767e-02
7.080659270286560059e-02
2.172235399484634399e-01
1.538430457003414631e-03
1.641129106283187866e-01
3.061966039240360260e-03
1.169549860060214996e-02
-5.861244630068540573e-03
5.190565064549446106e-02
-5.615571513772010803e-02
8.733927458524703979e-02
1.588081009685993195e-02
8.772406727075576782e-02
1.323182284832000732e-01
3.818067535758018494e-02
-1.872806623578071594e-02
-6.927620619535446167e-02
5.705317109823226929e-02
9.267298504710197449e-03
4.840455949306488037e-02
2.379948273301124573e-03
3.508376656100153923e-03
2.038003653287887573e-01
1.200569272041320801e-01
1.708838790655136108e-01
2.257896363735198975e-01
8.341291919350624084e-03
4.156782850623130798e-02
8.815468847751617432e-02
-2.305691689252853394e-02
5.503355339169502258e-02
4.864098038524389267e-03
-4.031198099255561829e-03
2.392007224261760712e-02
7.449368387460708618e-02
-1.643286831676959991e-02
-1.472853217273950577e-02
2.356763929128646851e-01
1.224088668823242188e-01
1.467044372111558914e-02
-1.778734922409057617e-01
-1.293458789587020874e-01
-3.141373768448829651e-02
2.274684235453605652e-02
9.653981775045394897e-03
-3.201201930642127991e-02
-2.529305033385753632e-02
-8.790252357721328735e-02
1.340768188238143921e-01
1.593706607818603516e-01
8.779608458280563354e-02
-3.433346375823020935e-02
5.458050221204757690e-02
-4.898040741682052612e-02
3.542870655655860901e-02
-1.974453032016754150e-02
4.433720931410789490e-02
1.452515274286270142e-01
7.770854979753494263e-02
1.029616501182317734e-02
-2.595300227403640747e-02
-4.750134830828756094e-04
-8.745242655277252197e-02
-7.510142773389816284e-02
5.913582071661949158e-02
6.159359961748123169e-02
9.373556822538375854e-02
-1.495350245386362076e-02
1.788173615932464600e-02
2.748450040817260742e-01
1.530175209045410156e-01
7.272920012474060059e-02
-1.041697859764099121e-01
4.429821297526359558e-02
1.731910407543182373e-01
-6.087916716933250427e-02
1.772038489580154419e-01
8.406983315944671631e-02
6.988928187638521194e-03
-3.181031346321105957e-02
2.103751525282859802e-02
4.228648543357849121e-02
6.356059014797210693e-02
4.044345021247863770e-02
3.766473010182380676e-02
3.594710305333137512e-02
1.020839437842369080e-01
8.734704169910401106e-05
9.384713321924209595e-02
4.684992879629135132e-02
6.329818069934844971e-02
-3.788604214787483215e-02
7.935540378093719482e-02
1.131280213594436646e-01
-3.960066661238670349e-02
-5.830979347229003906e-02
-8.022495359182357788e-02
-4.652279987931251526e-02
-2.615945972502231598e-02
-3.323105350136756897e-02
3.174273530021309853e-03
-7.521098107099533081e-02
2.362609282135963440e-02
-7.632283866405487061e-02
7.119887322187423706e-02
6.625655293464660645e-02
1.735719740390777588e-01
2.457621097564697266e-01
-8.000793308019638062e-02
1.995367370545864105e-02
1.060318797826766968e-01
5.983216315507888794e-02
3.330419585108757019e-02
9.508659690618515015e-02
4.982572980225086212e-03
8.898586779832839966e-02
2.475909888744354248e-02
1.481246501207351685e-01
1.985561102628707886e-01
7.353983819484710693e-02
1.086855158209800720e-01
2.044200152158737183e-01
2.049630321562290192e-02
4.574053734540939331e-02
4.200155660510063171e-02
1.859640888869762421e-02
-2.584974095225334167e-02
-6.268922239542007446e-02
1.170595958828926086e-01
-2.294906042516231537e-02
3.403000161051750183e-02
5.029553547501564026e-02
1.620970517396926880e-01
-2.054969081655144691e-04
1.186548024415969849e-01
9.648969769477844238e-02
6.903445720672607422e-02
-1.411593556404113770e-01
3.720174427144229412e-04
-7.380809634923934937e-02
-2.615908905863761902e-02
7.575418055057525635e-02
-7.595343515276908875e-03
7.933605462312698364e-02
1.253235898911952972e-02
1.252496242523193359e-01
4.017543513327836990e-03
2.973753400146961212e-02
2.783453278243541718e-02
-2.801930531859397888e-02
-2.403740072622895241e-03
1.148932054638862610e-02
3.831590339541435242e-02
3.554074838757514954e-02
-6.246562674641609192e-02
1.689750701189041138e-01
6.550315767526626587e-02
-7.116208225488662720e-02
1.108395531773567200e-01
4.879817832261323929e-03
3.387540951371192932e-02
1.014951318502426147e-01
3.482264652848243713e-02
5.017825216054916382e-02
4.261995851993560791e-02
6.074961740523576736e-03
-1.446975767612457275e-02
6.881801038980484009e-02
-2.362049371004104614e-02
-5.098234862089157104e-03
-3.540310636162757874e-02
-1.538270968012511730e-03
-1.588105782866477966e-02
4.258215054869651794e-02
-5.800209473818540573e-03
1.184612065553665161e-01
-1.957975473487749696e-04
2.664812281727790833e-02
6.765639781951904297e-02
-1.812487542629241943e-01
-5.805692449212074280e-02
2.943294309079647064e-02
5.823405832052230835e-02
3.743958473205566406e-02
1.623972132802009583e-02
2.104898728430271149e-02
8.416204899549484253e-02
-3.633963875472545624e-03
1.310907304286956787e-02
-2.612650580704212189e-02
2.016647905111312866e-02
3.850677981972694397e-02
-1.502812504768371582e-01
6.604506820440292358e-02
-7.151824980974197388e-02
-4.009997472167015076e-02
-2.085486799478530884e-02
1.322436481714248657e-01
-1.705648191273212433e-02
1.423556953668594360e-01
1.687735021114349365e-01
-1.457621250301599503e-02
1.766619831323623657e-02
1.470601260662078857e-01
3.115686587989330292e-02
-8.825308829545974731e-02
2.043082267045974731e-01
4.666641727089881897e-02
2.813802100718021393e-02
-8.833467960357666016e-03
7.882441580295562744e-02
9.819422662258148193e-02
1.631168723106384277e-01
