
1.348566915839910507e-02
7.561143953353166580e-03
6.701894849538803101e-02
4.177905246615409851e-02
1.311244792304933071e-03
1.943113505840301514e-01
-4.237142950296401978e-02
2.754785865545272827e-02
7.195634394884109497e-02
5.400450155138969421e-02
5.481127277016639709e-02
4.533932078629732132e-04
1.170473638921976089e-02
7.333043962717056274e-02
6.471756100654602051e-02
-1.727703958749771118e-02
1.171720027923583984e-02
-9.149590507149696350e-03
5.935393273830413818e-02
7.789871655404567719e-03
1.947352141141891479e-01
-3.160754963755607605e-02
8.230363577604293823e-02
8.124136365950107574e-03
-1.093625091016292572e-02
1.183184832334518433e-01
-1.629856531508266926e-03
-3.104966878890991211e-02
1.052463203668594360e-01
8.911343663930892944e-02
-1.753394491970539093e-02
1.114010531455278397e-02
2.733010053634643555e-02
3.628114238381385803e-02
1.165416166186332703e-01
6.566599011421203613e-03
5.314495414495468140e-02
-7.114487141370773315e-02
2.403422631323337555e-02
5.467437580227851868e-02
1.867164857685565948e-02
-1.507242117077112198e-02
6.879217177629470825e-02
1.969216950237751007e-02
-1.445227675139904022e-02
1.044203341007232666e-01
2.952619828283786774e-02
1.075144298374652863e-02
1.245728284120559692e-01
3.512048395350575447e-03
-7.395029813051223755e-02
-1.016993448138237000e-02
1.367457397282123566e-02
5.722002312541007996e-02
-1.053831167519092560e-02
6.229206547141075134e-02
4.473517462611198425e-02
5.864166468381881714e-02
4.295328259468078613e-02
3.258708864450454712e-02
-4.706465080380439758e-02
1.346881315112113953e-02
-4.327160771936178207e-03
1.531391777098178864e-02
-1.141860708594322205e-02
7.937651127576828003e-02
7.459344714879989624e-02
4.317596182227134705e-02
4.185280203819274902e-02
-8.305211551487445831e-03
1.241380870342254639e-01
2.634930610656738281e-02
1.499856822192668915e-02
-1.562519371509552002e-02
1.354933828115463257e-01
-2.361965924501419067e-02
1.010924279689788818e-01
2.215821854770183563e-02
4.679870977997779846e-02
-2.305422723293304443e-02
-3.575206501409411430e-04
8.868677541613578796e-03
1.744638197124004364e-02
7.179624866694211960e-03
-9.328377433121204376e-03
1.467725262045860291e-02
3.773835673928260803e-02
-1.804588176310062408e-02
-1.379897072911262512e-02
3.704950585961341858e-02
-5.143042653799057007e-02
2.446899376809597015e-02
2.469411492347717285e-02
4.909822344779968262e-02
5.199512094259262085e-02
1.023118048906326294e-01
5.641347542405128479e-02
-1.583331823348999023e-02
-3.320145979523658752e-02
-5.584372952580451965e-02
4.704107064753770828e-03
-1.454823464155197144e-01
-3.380133956670761108e-02
3.405066952109336853e-02
5.419152602553367615e-02
-3.424092195928096771e-03
2.665846422314643860e-02
-1.147734373807907104e-02
7.238154765218496323e-03
2.606396190822124481e-02
5.343402549624443054e-02
6.094407290220260620e-02
1.014570221304893494e-01
2.285036817193031311e-02
5.024295300245285034e-03
6.434070412069559097e-03
7.472897320985794067e-02
-2.839745208621025085e-02
-2.860967256128787994e-02
-5.288226902484893799e-02
-4.451502859592437744e-02
-2.369499206542968750e-02
-4.215488582849502563e-02
9.184298664331436157e-02
-3.788895159959793091e-02
-1.263916771858930588e-02
1.668114773929119110e-02
7.473072409629821777e-02
-3.339926898479461670e-02
9.063061326742172241e-02
8.986019343137741089e-02
1.870071701705455780e-02
3.427458554506301880e-02
1.882564276456832886e-02
3.621419891715049744e-02
2.372143603861331940e-02
-1.470978185534477234e-02
2.087447047233581543e-02
3.057157434523105621e-02
1.424921602010726929e-01
3.813924267888069153e-02
-6.163648888468742371e-02
-1.361059769988059998e-02
1.268591359257698059e-02
2.375739999115467072e-02
1.889273058623075485e-03
-3.021016344428062439e-02
-2.962662093341350555e-02
-1.139644347131252289e-02
7.387836277484893799e-02
-2.347502298653125763e-02
4.443461447954177856e-02
-6.199399475008249283e-03
2.155863866209983826e-02
-6.407253444194793701e-02
-2.514910511672496796e-02
-6.183468550443649292e-02
9.569915384054183960e-02
-9.806672111153602600e-03
-1.131836324930191040e-02
8.887472003698348999e-02
6.592883914709091187e-02
1.114294119179248810e-02
-3.150102496147155762e-02
2.841251157224178314e-02
1.129664201289415359e-02
2.996553480625152588e-02
-7.221938669681549072e-02
7.253394462168216705e-03
5.946728866547346115e-03
-1.459754444658756256e-02
5.204233899712562561e-02
-2.142871916294097900e-02
1.504253000020980835e-01
-1.999968290328979492e-02
1.213419511914253235e-01
4.612613469362258911e-02
-1.188883092254400253e-02
-5.292591173201799393e-03
-2.203223668038845062e-02
4.083563759922981262e-02
9.397961199283599854e-03
-3.749346360564231873e-02
1.364914327859878540e-01
6.416880339384078979e-02
-7.018356118351221085e-03
9.029289707541465759e-03
-8.581508882343769073e-03
1.147846579551696777e-01
1.996961608529090881e-02
1.550457999110221863e-02
-1.010026503354310989e-02
4.702551290392875671e-03
-3.648245474323630333e-03
8.448643237352371216e-02
1.636410318315029144e-02
6.599425524473190308e-02
-1.890062168240547180e-02
-9.692382067441940308e-03
-5.405045673251152039e-02
4.458564892411231995e-02
6.576305627822875977e-02
-2.386772818863391876e-02
-3.610411658883094788e-02
9.800191968679428101e-03
-9.455095231533050537e-02
2.911931136623024940e-03
2.371509559452533722e-02
1.857767067849636078e-02
-2.965006045997142792e-02
-1.155116595327854156e-02
1.120624840259552002e-01
-1.298213377594947815e-02
9.835123084485530853e-03
-4.079089686274528503e-02
3.063179366290569305e-02
1.488031893968582153e-01
3.121548332273960114e-02
-3.412958979606628418e-02
5.412944126874208450e-03
3.908843174576759338e-02
-4.607836902141571045e-02
5.219414085149765015e-02
5.060191452503204346e-02
-5.693981423974037170e-02
2.740915119647979736e-02
-1.628358662128448486e-02
1.828128695487976074e-01
3.640306740999221802e-02
6.375420838594436646e-02
-8.759411983191967010e-03
-1.440280210226774216e-02
1.180602889508008957e-02
-7.804820314049720764e-03
1.249693706631660461e-01
3.204760700464248657e-02
-4.198339208960533142e-02
7.428366690874099731e-03
1.882493263110518456e-03
-1.228029560297727585e-02
-5.174523964524269104e-02
3.891598433256149292e-02
9.401203691959381104e-02
2.095588482916355133e-02
5.364543944597244263e-02
2.157121710479259491e-02
-2.238240092992782593e-02
-5.735386162996292114e-02
-3.900814056396484375e-02
4.500249773263931274e-02
-1.838300377130508423e-03
1.242615468800067902e-02
-9.389611892402172089e-03
3.243652172386646271e-04
6.582565605640411377e-02
2.123269066214561462e-02
-1.413163449615240097e-02
-3.544442728161811829e-02
-1.266032224521040916e-03
8.091650670394301414e-04
9.520331770181655884e-02
1.864311471581459045e-02
-1.185385510325431824e-02
-4.681905731558799744e-02
4.993291199207305908e-02
-1.657778024673461914e-02
-4.607386887073516846e-02
3.666888922452926636e-02
8.055599033832550049e-02
1.407983005046844482e-01
-5.214395374059677124e-02
-4.614194389432668686e-03
1.410780753940343857e-02
-2.427170798182487488e-02
1.540921162813901901e-03
1.263339966535568237e-01
1.971441321074962616e-02
1.302725356072187424e-02
3.932913392782211304e-02
3.358722105622291565e-02
9.098807931877672672e-04
-2.318615838885307312e-02
2.122610434889793396e-02
-1.883540302515029907e-02
3.896225243806838989e-02
4.033942148089408875e-02
4.310756456106901169e-03
-5.325832962989807129e-02
3.454121947288513184e-02
-8.246944285929203033e-03
-2.183645591139793396e-02
-4.885523766279220581e-02
9.344010055065155029e-02
1.431899424642324448e-02
-1.373950671404600143e-02
-1.864055357873439789e-02
1.714154146611690521e-02
2.857942506670951843e-02
-9.343885816633701324e-03
1.143511086702346802e-01
1.684751510620117188e-01
1.486549228429794312e-01
6.036819145083427429e-02
1.096641421318054199e-01
-8.764275349676609039e-03
-1.823505037464201450e-03
-9.752504527568817139e-03
1.060731410980224609e-01
5.854449048638343811e-02
-5.090363696217536926e-02
3.826504945755004883e-02
1.531791687011718750e-02
1.413483023643493652e-01
1.375192999839782715e-01
1.381913125514984131e-01
-3.390937298536300659e-02
3.122845105826854706e-02
7.244697958230972290e-02
1.329122763127088547e-02
7.869649678468704224e-02
-1.342773996293544769e-02
-1.067122071981430054e-02
4.975825175642967224e-02
6.060299649834632874e-02
-4.138377308845520020e-02
2.900992035865783691e-01
9.210091084241867065e-02
4.867850989103317261e-02
-2.456169761717319489e-02
4.394876956939697266e-02
-1.570156961679458618e-02
-1.720707304775714874e-02
1.999883167445659637e-02
-6.262601166963577271e-02
4.849933460354804993e-02
1.729047149419784546e-01
-1.396007928997278214e-02
1.316997222602367401e-02
-1.597587019205093384e-02
2.017592042684555054e-01
-1.904628612101078033e-02
3.416235372424125671e-02
2.567029558122158051e-02
-2.117538079619407654e-02
8.179075270891189575e-02
2.009195461869239807e-02
1.043305918574333191e-02
3.629194200038909912e-02
-5.558422207832336426e-02
-1.445822883397340775e-02
1.679071225225925446e-02
1.544859260320663452e-02
3.148450851440429688e-01
-1.249089371412992477e-02
-3.043202869594097137e-02
-2.117118053138256073e-02
3.148880787193775177e-03
1.473001856356859207e-02
5.949752032756805420e-02
-1.039319764822721481e-02
5.455083400011062622e-02
-3.988231346011161804e-02
1.832075975835323334e-02
-7.607763260602951050e-02
-6.348410993814468384e-02
4.249361529946327209e-02
1.351618953049182892e-02
1.040218695998191833e-01
-2.156417351216077805e-03
1.042757928371429443e-02
-6.371963024139404297e-02
1.312504857778549194e-01
-4.138462245464324951e-03
-1.627146638929843903e-02
-9.816811420023441315e-03
-4.110023379325866699e-02
1.023124321363866329e-03
-2.674357220530509949e-02
-1.093246042728424072e-02
-2.083088085055351257e-02
2.330049499869346619e-02
6.305598467588424683e-02
-2.870596945285797119e-02
-6.720388680696487427e-02
5.937791243195533752e-02
-2.225666865706443787e-02
7.693805545568466187e-02
1.540439203381538391e-02
3.038634732365608215e-02
5.058390088379383087e-03
-2.343038283288478851e-02
-3.993971273303031921e-02
6.336603313684463501e-02
3.746093250811100006e-03
-8.751205168664455414e-03
4.515095427632331848e-02
-1.071330718696117401e-02
2.696336433291435242e-02
3.183089569211006165e-02
-4.767391830682754517e-02
1.778279058635234833e-02
-1.704559847712516785e-02
1.230546534061431885e-01
-6.846348941326141357e-02
-3.814643993973731995e-02
7.269524782896041870e-02
6.233150511980056763e-02
1.408274769783020020e-01
3.557994216680526733e-02
4.744978249073028564e-02
5.929145216941833496e-02
-7.688703481107950211e-04
8.290516585111618042e-02
1.969881355762481689e-02
-4.053712473250925541e-04
-3.909904882311820984e-02
1.344012469053268433e-02
-1.038859970867633820e-02
-1.689903996884822845e-02
-5.682558566331863403e-02
-1.224083360284566879e-02
3.786672651767730713e-02
-4.090459644794464111e-02
1.133571565151214600e-02
2.511554025113582611e-02
-1.610163040459156036e-02
-1.083341334015130997e-02
8.275371044874191284e-02
-2.322658151388168335e-02
-2.001275680959224701e-02
-2.932116203010082245e-02
1.160470619797706604e-01
-1.643754541873931885e-02
-5.238250643014907837e-02
2.983822859823703766e-02
4.519536159932613373e-03
4.716582968831062317e-02
1.829613745212554932e-02
3.937241807579994202e-02
6.031509861350059509e-02
2.920038066804409027e-02
-2.627407945692539215e-02
-1.419284660369157791e-02
1.442448347806930542e-01
-2.115806005895137787e-02
-3.981707617640495300e-02
8.781820535659790039e-02
3.576090326532721519e-03
1.189661398530006409e-02
-5.362445488572120667e-03
4.219877067953348160e-03
1.712015457451343536e-02
-3.556567430496215820e-02
5.465863272547721863e-03
4.137180373072624207e-02
2.160332910716533661e-02
6.488567683845758438e-03
8.955134451389312744e-02
-1.836677826941013336e-02
-5.678857117891311646e-02
6.376465409994125366e-02
7.066100835800170898e-02
4.797588568180799484e-03
4.906931519508361816e-02
4.964142572134733200e-03
2.245558891445398331e-03
1.189736928790807724e-02
-7.622321601957082748e-03
3.490169346332550049e-02
6.040287390351295471e-02
4.139943048357963562e-02
-2.518524881452322006e-03
8.718613535165786743e-03
-4.251446947455406189e-02
-2.892789198085665703e-03
9.445882402360439301e-03
-1.643149368464946747e-02
1.481972448527812958e-02
8.260825276374816895e-02
6.986772269010543823e-02
1.691689901053905487e-02
8.311742544174194336e-02
4.206118639558553696e-03
1.357077509164810181e-01
-1.252192072570323944e-02
-4.813410341739654541e-02
-1.032767235301434994e-03
5.884005129337310791e-02
1.856414414942264557e-02
3.594130277633666992e-02
5.466993898153305054e-02
6.611988693475723267e-02
-3.170011565089225769e-02
-6.735916715115308762e-03
-7.229806482791900635e-02
7.541751861572265625e-02
-6.429003924131393433e-02
8.279631286859512329e-02
-3.808227926492691040e-02
3.377485275268554688e-02
-2.604657784104347229e-02
-6.577716022729873657e-02
7.294628769159317017e-02
4.258815199136734009e-02
1.734693348407745361e-02
3.642307594418525696e-02
5.075784027576446533e-02
-8.754368871450424194e-03
6.135758757591247559e-02
3.979362174868583679e-02
-4.130272194743156433e-03
1.016580034047365189e-02
