
2.132787257432937622e-01
2.323298007249832153e-01
1.571515202522277832e-02
-6.701471749693155289e-03
2.540977597236633301e-01
-1.001496538519859314e-01
-8.365833014249801636e-02
2.024811506271362305e-01
-1.428487002849578857e-01
1.770874299108982086e-02
-2.127442657947540283e-01
-2.572710998356342316e-02
-1.415372043848037720e-01
1.144693344831466675e-01
6.015383824706077576e-02
3.761039376258850098e-01
-3.725195527076721191e-01
1.400263756513595581e-01
-4.374235495924949646e-02
-1.545622199773788452e-01
1.702935248613357544e-01
4.881896823644638062e-02
-2.266340106725692749e-01
2.068786323070526123e-02
-1.390440016984939575e-01
2.943465113639831543e-01
6.971779279410839081e-03
-9.192796051502227783e-02
1.695446521043777466e-01
-3.452432751655578613e-01
2.246399521827697754e-01
2.493773996829986572e-01
1.092887856066226959e-02
2.592937648296356201e-01
3.072765171527862549e-01
-7.854899764060974121e-02
-1.985040120780467987e-02
3.290282785892486572e-01
-1.720076948404312134e-01
-8.328723162412643433e-02
4.122830331325531006e-01
4.270570278167724609e-01
-6.696400232613086700e-04
-1.908077858388423920e-02
1.996080577373504639e-02
1.339820325374603271e-01
6.113488227128982544e-02
-1.534673422574996948e-01
-4.025073945522308350e-01
-5.187026411294937134e-02
2.819497883319854736e-01
-9.810145944356918335e-03
3.089131601154804230e-02
6.168666481971740723e-02
-1.525349766016006470e-01
3.534460365772247314e-01
2.127232551574707031e-01
-5.659623742103576660e-01
2.133220583200454712e-01
3.333312645554542542e-02
2.184988707304000854e-01
-3.640926256775856018e-02
6.264195591211318970e-02
2.639427185058593750e-01
6.768085062503814697e-02
1.760651469230651855e-01
1.324559599161148071e-01
8.095344901084899902e-02
4.209709763526916504e-01
2.454470098018646240e-01
9.405176341533660889e-02
2.620302736759185791e-01
2.078590393066406250e-01
-1.268955469131469727e-01
-7.723967730998992920e-02
6.013488397002220154e-02
-4.776945710182189941e-02
6.828316301107406616e-02
1.219565281644463539e-03
1.366796046495437622e-01
2.720980048179626465e-01
3.631851077079772949e-02
3.453171253204345703e-01
1.091044545173645020e-01
1.365388482809066772e-01
1.743708103895187378e-01
-5.806891918182373047e-01
-1.291611939668655396e-01
-2.647342681884765625e-01
7.228230237960815430e-01
5.510689318180084229e-02
6.829761713743209839e-02
-2.056911773979663849e-02
6.755723804235458374e-02
-1.181066110730171204e-01
1.661485284566879272e-01
2.650657892227172852e-01
-1.408385783433914185e-01
-1.139260530471801758e-01
-7.647716999053955078e-01
2.434440851211547852e-01
-5.571208149194717407e-02
-2.556246519088745117e-01
3.856100738048553467e-01
-1.448795665055513382e-02
1.633640527725219727e-01
1.002376619726419449e-02
3.973233401775360107e-01
-7.045567035675048828e-01
-2.195560336112976074e-01
2.096205651760101318e-01
2.835767865180969238e-01
6.427486985921859741e-02
3.935270383954048157e-02
8.132239803671836853e-03
-1.379960477352142334e-01
9.315741062164306641e-02
6.410478055477142334e-02
9.029741585254669189e-02
-4.223952293395996094e-01
-4.661418497562408447e-02
2.099216282367706299e-01
2.698647677898406982e-01
1.753646135330200195e-01
3.928059339523315430e-01
2.611489966511726379e-02
3.431842625141143799e-01
-1.366809755563735962e-01
7.666788250207901001e-02
-7.671295106410980225e-02
1.390004009008407593e-01
-6.386192142963409424e-02
7.517056912183761597e-02
1.813277900218963623e-01
-7.024144381284713745e-02
-1.877894066274166107e-02
-3.804552927613258362e-02
1.475794762372970581e-01
1.844344288110733032e-02
-5.120898783206939697e-02
2.016632109880447388e-01
-7.264281064271926880e-02
1.550124287605285645e-01
1.106630340218544006e-01
-1.656159013509750366e-01
2.401109598577022552e-02
4.799170494079589844e-01
2.099586725234985352e-01
4.972919821739196777e-02
2.681398689746856689e-01
1.828507333993911743e-01
3.034641742706298828e-01
-4.917726293206214905e-02
1.321501936763525009e-02
2.091240733861923218e-01
1.076727584004402161e-01
2.453961819410324097e-01
8.343943953514099121e-02
8.052740246057510376e-02
7.644152641296386719e-02
8.562476933002471924e-02
4.964393563568592072e-03
1.253983229398727417e-01
2.490678280591964722e-01
1.947239637374877930e-01
4.587313905358314514e-02
-8.889409154653549194e-02
4.207439720630645752e-01
-8.211112767457962036e-02
-1.454996913671493530e-01
2.785974442958831787e-01
-3.632524237036705017e-02
2.062349617481231689e-01
2.286930978298187256e-01
9.958867914974689484e-03
-1.102019250392913818e-01
-9.749089926481246948e-02
-3.035044372081756592e-01
9.266126900911331177e-02
-2.102275565266609192e-02
2.595728635787963867e-01
7.111939042806625366e-02
2.110679745674133301e-01
1.629747748374938965e-01
1.627646535634994507e-01
-4.787418246269226074e-02
4.584170877933502197e-02
3.802565112709999084e-02
1.258227080106735229e-01
3.203094005584716797e-01
-3.584998846054077148e-02
2.673192620277404785e-01
-6.529184579849243164e-01
2.481017410755157471e-01
1.163098737597465515e-01
5.647153034806251526e-02
2.231807559728622437e-01
-8.334472030401229858e-02
1.395517736673355103e-01
5.746715143322944641e-02
1.918904632329940796e-01
-3.993136808276176453e-03
3.110733032226562500e-01
-2.778775244951248169e-02
2.168522328138351440e-01
-1.263955235481262207e-01
3.492848277091979980e-01
7.588032633066177368e-02
4.140466749668121338e-01
-3.067047707736492157e-02
2.850622497498989105e-02
1.910490095615386963e-01
1.579772233963012695e-01
5.552825750783085823e-04
-1.606414467096328735e-01
1.957944929599761963e-01
2.219989448785781860e-01
-8.280207961797714233e-02
-3.213209286332130432e-02
7.237934321165084839e-02
-1.766883879899978638e-01
2.451789081096649170e-01
4.320211708545684814e-03
-1.537206470966339111e-01
6.397104263305664062e-02
-3.812820911407470703e-01
7.597668170928955078e-01
9.652180224657058716e-02
3.921382501721382141e-02
8.575666695833206177e-03
1.830553710460662842e-01
3.340588137507438660e-02
-2.647582888603210449e-01
2.184915393590927124e-01
-1.212936639785766602e-02
1.674650460481643677e-01
2.706986963748931885e-01
-1.490334272384643555e-01
1.865091174840927124e-02
-3.345870226621627808e-02
-7.183127105236053467e-02
3.577716276049613953e-02
-1.692878752946853638e-01
2.230124026536941528e-01
-1.974492818117141724e-01
-1.289488673210144043e-01
-3.158345073461532593e-02
6.387168914079666138e-02
1.088701039552688599e-01
1.733444333076477051e-01
1.987100988626480103e-01
4.363369569182395935e-02
2.620336711406707764e-01
-1.008031219244003296e-01
5.246107578277587891e-01
1.701465547084808350e-01
1.071290001273155212e-01
-3.672834634780883789e-01
2.680159173905849457e-02
-6.595641374588012695e-01
1.461052596569061279e-01
2.757098153233528137e-02
-1.885189265012741089e-01
1.208015009760856628e-01
-1.324010491371154785e-01
4.117849469184875488e-01
2.123060822486877441e-02
7.025274634361267090e-02
-2.837874591350555420e-01
7.730225473642349243e-02
2.018122747540473938e-02
1.665174961090087891e-01
4.793137013912200928e-01
3.429176807403564453e-01
-3.341984376311302185e-02
-3.415617644786834717e-01
1.758156120777130127e-01
-3.590874671936035156e-01
6.108872219920158386e-02
-4.925765469670295715e-02
1.544418781995773315e-01
-7.281152904033660889e-02
3.675737380981445312e-01
8.989080041646957397e-02
-2.224844545125961304e-01
5.815153196454048157e-02
1.306732147932052612e-01
-2.242789715528488159e-01
-5.720473080873489380e-02
-1.621130108833312988e-01
1.302462518215179443e-01
1.027661710977554321e-01
1.650477051734924316e-01
3.651906847953796387e-01
1.187291145324707031e-01
7.387527823448181152e-02
-2.025141753256320953e-02
-5.729043483734130859e-02
-2.320237010717391968e-01
-3.109605908393859863e-01
-1.282028108835220337e-01
2.237970232963562012e-01
5.580570176243782043e-02
1.120053604245185852e-01
-3.447500616312026978e-02
-3.899805843830108643e-01
3.460000753402709961e-01
-3.053519427776336670e-01
9.163556247949600220e-02
-1.462306678295135498e-01
-6.393871456384658813e-02
-1.097595468163490295e-01
-4.879650846123695374e-02
-1.367957592010498047e-01
1.923975721001625061e-02
2.093458175659179688e-01
2.119680941104888916e-01
3.745135664939880371e-01
-4.975878819823265076e-02
1.394239515066146851e-01
-2.479783631861209869e-02
-7.222387194633483887e-02
1.842891424894332886e-01
1.368963122367858887e-01
-1.909478157758712769e-01
1.068124473094940186e-01
-7.825309410691261292e-03
-6.600045412778854370e-02
3.470460474491119385e-01
9.811208397150039673e-02
4.307945966720581055e-01
1.015995349735021591e-02
-1.265422105789184570e-01
1.182086840271949768e-01
-5.225699543952941895e-01
7.638616859912872314e-02
4.948458075523376465e-02
4.333817958831787109e-01
6.637214869260787964e-02
2.667920887470245361e-01
-5.350821465253829956e-02
-3.333286941051483154e-01
1.384702622890472412e-01
4.623557627201080322e-01
2.120026051998138428e-01
4.707230255007743835e-02
1.553680002689361572e-01
1.089183613657951355e-01
6.877572834491729736e-02
2.725343704223632812e-01
1.449020802974700928e-01
-1.686864905059337616e-02
7.867689430713653564e-02
2.823902666568756104e-02
3.115065395832061768e-01
-4.586743116378784180e-01
-3.983692266047000885e-03
1.146714389324188232e-01
3.406758233904838562e-02
9.548957645893096924e-02
-3.786788284778594971e-01
7.722865045070648193e-02
1.184626147150993347e-01
-3.069910965859889984e-02
-1.630622744560241699e-01
6.278265267610549927e-02
1.626922786235809326e-01
1.101489588618278503e-01
2.500428259372711182e-01
1.925646364688873291e-01
-3.292798250913619995e-02
8.735957741737365723e-02
5.859963223338127136e-02
4.352815821766853333e-02
-5.028124898672103882e-02
-1.855234950780868530e-01
-8.362057060003280640e-02
-6.774097681045532227e-03
1.485944986343383789e-01
1.302106231451034546e-01
2.623260319232940674e-01
-2.872080728411674500e-02
3.247527778148651123e-02
-9.870797395706176758e-03
7.521817088127136230e-02
1.085912659764289856e-01
4.584158957004547119e-02
6.278369575738906860e-02
1.521847099065780640e-01
-7.433763705193996429e-03
1.084955930709838867e-01
2.776324450969696045e-01
1.193596702069044113e-02
1.360600162297487259e-02
2.087177485227584839e-01
4.058575257658958435e-02
2.607128620147705078e-01
4.024747908115386963e-01
2.105429470539093018e-01
4.151318967342376709e-01
7.408298552036285400e-02
9.927124530076980591e-02
-1.698651164770126343e-01
-8.311948925256729126e-02
-7.565994262695312500e-01
2.823422849178314209e-01
-5.450692027807235718e-03
3.203604817390441895e-01
-1.061961203813552856e-01
-5.313542112708091736e-02
5.096257477998733521e-02
-3.741905465722084045e-02
8.999883383512496948e-02
2.252241671085357666e-01
-4.027668535709381104e-01
-4.260917752981185913e-02
2.099279165267944336e-01
1.288055479526519775e-01
-2.684435248374938965e-01
-6.915332749485969543e-03
3.419326543807983398e-01
1.399366408586502075e-01
3.620539307594299316e-01
9.159737825393676758e-02
2.090247720479965210e-01
-1.564702689647674561e-01
1.466547995805740356e-01
-2.164158672094345093e-01
-1.326677482575178146e-02
1.498639434576034546e-01
-1.074736099690198898e-02
-6.588241457939147949e-02
-1.972336471080780029e-01
-2.014059424400329590e-01
-2.779252640902996063e-02
-1.500601470470428467e-01
9.422473609447479248e-02
2.048532664775848389e-01
4.353919625282287598e-02
1.783990412950515747e-01
1.833437830209732056e-01
-1.226969584822654724e-01
2.044140398502349854e-01
2.908468544483184814e-01
1.216193586587905884e-01
-1.946429908275604248e-01
2.860052138566970825e-02
5.319515466690063477e-01
-2.703896462917327881e-01
-1.513904035091400146e-01
-4.792403429746627808e-03
2.290932387113571167e-01
-2.532388269901275635e-01
-4.025587812066078186e-02
1.504394561052322388e-01
-4.316137358546257019e-02
9.377321600914001465e-02
4.891191720962524414e-01
3.586606308817863464e-02
-4.563377052545547485e-02
-6.337490398436784744e-03
8.821876347064971924e-02
2.080252915620803833e-01
4.158551394939422607e-01
1.725317090749740601e-01
1.023348420858383179e-01
3.624235689640045166e-01
9.708847850561141968e-02
-4.275293946266174316e-01
-7.444543838500976562e-01
-2.867564857006072998e-01
2.415792644023895264e-01
2.557216882705688477e-01
2.333421111106872559e-01
3.723181486129760742e-01
-5.919500440359115601e-02
-9.171056747436523438e-01
2.302801162004470825e-01
-1.024542227387428284e-01
-1.574116796255111694e-01
2.579030115157365799e-03
3.250261023640632629e-02
1.922523379325866699e-01
-9.964606910943984985e-02
1.064428910613059998e-01
1.075843945145606995e-01
-4.439861327409744263e-02
-4.052579998970031738e-01
-1.852247267961502075e-01
1.793049722909927368e-01
-3.319594562053680420e-01
-1.421330124139785767e-02
1.395636349916458130e-01
2.798285186290740967e-01
1.242861077189445496e-01
1.886255890130996704e-01
3.030913770198822021e-01
2.973134219646453857e-01
3.229302912950515747e-02
6.053676828742027283e-02
1.703704148530960083e-01
2.860714197158813477e-01
1.005136147141456604e-01
6.527970731258392334e-02
3.569455146789550781e-01
5.857188720256090164e-03
-1.530818194150924683e-01
-1.084996294230222702e-02
-4.603464007377624512e-01
1.643612086772918701e-01
2.351722568273544312e-01
-1.767248809337615967e-01
