
-6.418541818857192993e-02
-1.156832426786422729e-01
-1.320674866437911987e-01
6.085359677672386169e-02
2.689487934112548828e-01
-1.017770841717720032e-01
5.753241479396820068e-02
-2.537010237574577332e-02
2.453306503593921661e-02
-1.684773564338684082e-01
1.316739022731781006e-01
-1.181006617844104767e-02
-2.796873748302459717e-01
-1.710657402873039246e-02
1.450992226600646973e-01
-2.100034058094024658e-01
9.921632707118988037e-02
-1.273027807474136353e-02
-1.042832359671592712e-01
1.183673888444900513e-01
-2.112560272216796875e-01
-2.276230901479721069e-01
4.448231160640716553e-01
4.079874604940414429e-02
-3.099621832370758057e-01
-3.813912719488143921e-02
-2.617242038249969482e-01
4.896495118737220764e-02
1.468482911586761475e-01
-9.759408980607986450e-02
-1.610088199377059937e-01
-8.115347474813461304e-02
2.567695081233978271e-01
9.040406346321105957e-02
3.538936376571655273e-02
2.349665313959121704e-01
-5.953347682952880859e-01
2.801559865474700928e-01
2.269721776247024536e-02
1.540764719247817993e-01
1.076156422495841980e-01
1.554996818304061890e-01
-2.772658467292785645e-01
1.455527245998382568e-01
-7.341250777244567871e-02
8.647802285850048065e-03
-8.294715732336044312e-02
1.615814268589019775e-01
-1.737477481365203857e-01
-7.517412304878234863e-03
-2.599540948867797852e-01
9.327690303325653076e-02
3.591104745864868164e-01
-9.218857437372207642e-02
8.189060539007186890e-02
-2.405371814966201782e-01
-1.292251199483871460e-01
-1.862046308815479279e-02
-1.166273206472396851e-01
-1.167309731245040894e-01
-1.816601008176803589e-01
1.648675799369812012e-01
-4.786587134003639221e-02
-4.397992789745330811e-02
1.428150087594985962e-01
2.692703306674957275e-01
3.568713963031768799e-01
3.537106141448020935e-02
-1.796609312295913696e-01
4.918983951210975647e-02
6.337577700614929199e-01
-2.074840366840362549e-01
-6.041681021451950073e-02
1.209454387426376343e-01
-8.843091875314712524e-02
-3.014187216758728027e-01
2.863204181194305420e-01
1.088299527764320374e-01
1.450991332530975342e-01
-4.585594311356544495e-02
-8.846491575241088867e-02
1.355659812688827515e-01
1.678236722946166992e-01
7.018865644931793213e-02
-1.073708161711692810e-01
4.474668204784393311e-01
-8.115203678607940674e-02
-4.683498293161392212e-02
1.823673248291015625e-01
-1.913908123970031738e-02
-2.078670449554920197e-02
3.796723484992980957e-01
7.472062110900878906e-02
-9.300313144922256470e-02
3.070308864116668701e-01
1.550340652465820312e-02
1.572051644325256348e-01
-1.857611089944839478e-01
7.595339417457580566e-02
-2.869526743888854980e-01
2.071134299039840698e-01
-2.294200807809829712e-01
1.747953891754150391e-01
2.029740959405899048e-01
-4.421713352203369141e-01
4.695963859558105469e-02
-1.471988558769226074e-01
-2.473966591060161591e-02
1.487136185169219971e-01
5.264414008706808090e-03
4.901655483990907669e-03
-1.758560836315155029e-01
-9.208969771862030029e-03
-2.586659193038940430e-01
-1.254781708121299744e-02
4.957367479801177979e-02
1.737609952688217163e-01
-1.913426630198955536e-02
-1.067858040332794189e-01
1.878852210938930511e-02
-8.317517489194869995e-02
6.669547408819198608e-02
1.067063771188259125e-02
3.783475458621978760e-01
1.171782761812210083e-01
2.052845507860183716e-01
2.403423041105270386e-01
2.750732600688934326e-01
