
1.883785724639892578e-01
-5.003674626350402832e-01
5.422233939170837402e-01
2.464609593152999878e-01
1.540703028440475464e-01
-2.360671758651733398e-01
-1.176498085260391235e-02
3.575123474001884460e-02
7.583382725715637207e-02
1.634763777256011963e-01
-1.347781121730804443e-01
-8.403719961643218994e-02
2.509660422801971436e-01
-1.674752533435821533e-01
-2.827826887369155884e-02
4.049356281757354736e-01
4.927399009466171265e-02
3.430145680904388428e-01
-2.482260167598724365e-01
-8.528514951467514038e-02
1.148719340562820435e-01
-8.342045359313488007e-03
-7.973339408636093140e-02
2.089467942714691162e-01
2.292554527521133423e-01
-3.571152091026306152e-01
3.545692563056945801e-01
4.948233813047409058e-02
2.677643895149230957e-01
1.167721599340438843e-01
2.480771094560623169e-01
1.907698512077331543e-01
2.271980792284011841e-01
2.073268741369247437e-01
4.333896636962890625e-01
-2.141672819852828979e-01
4.275820255279541016e-01
2.851644903421401978e-02
-1.011032685637474060e-01
-1.165915057063102722e-01
1.574843004345893860e-02
-1.924461871385574341e-01
5.093837380409240723e-01
-1.011409386992454529e-01
-1.705030202865600586e-01
1.821097582578659058e-01
6.566417217254638672e-02
1.489480435848236084e-01
-3.348007053136825562e-02
2.342676967382431030e-01
1.175216808915138245e-01
-1.116475611925125122e-01
1.672745347023010254e-01
-2.182295024394989014e-01
-1.263437047600746155e-02
6.511940360069274902e-01
4.338283836841583252e-01
5.466069281101226807e-02
2.515516877174377441e-01
2.219854891300201416e-01
2.072188258171081543e-02
-2.589662969112396240e-01
1.325071305036544800e-01
1.474518924951553345e-01
-1.494919955730438232e-01
-2.451215125620365143e-02
-1.930514816194772720e-03
3.559035807847976685e-02
-2.870728969573974609e-01
2.041538655757904053e-01
5.730867385864257812e-02
1.294631808996200562e-01
1.232480034232139587e-01
-1.903782039880752563e-01
-5.257086083292961121e-02
-8.208208531141281128e-02
7.679992318153381348e-01
2.170651108026504517e-01
4.367541149258613586e-02
-6.616851687431335449e-02
1.552273482084274292e-01
6.226187944412231445e-01
1.981745511293411255e-01
1.351265311241149902e-01
1.287622004747390747e-01
-4.850903153419494629e-02
4.696578979492187500e-01
4.864394292235374451e-02
3.532578349113464355e-01
5.425479412078857422e-01
-2.094461768865585327e-01
1.353472471237182617e-01
1.246331036090850830e-01
2.245113253593444824e-01
-1.939877569675445557e-01
-1.693848520517349243e-02
6.013463251292705536e-03
2.046494930982589722e-01
-3.490475937724113464e-02
3.082541823387145996e-01
2.749991714954376221e-01
6.064084172248840332e-01
1.308858245611190796e-01
-7.841919362545013428e-02
2.307020127773284912e-01
6.210926547646522522e-02
1.070520803332328796e-01
-2.470264881849288940e-01
3.119568228721618652e-01
2.791064977645874023e-01
2.183708846569061279e-01
1.030571088194847107e-01
5.742631107568740845e-02
1.948997855186462402e+00
-9.076751768589019775e-02
7.996981963515281677e-03
1.577249318361282349e-01
6.456137895584106445e-01
1.954349279403686523e-01
6.700317263603210449e-01
-1.178976669907569885e-01
2.085166275501251221e-01
1.355486661195755005e-01
5.054791569709777832e-01
2.277264297008514404e-01
-2.859926596283912659e-02
7.317526638507843018e-02
2.163176983594894409e-01
1.047560498118400574e-01
7.344726938754320145e-03
-9.857001155614852905e-02
-2.098236605525016785e-02
-1.195560619235038757e-01
4.822134077548980713e-01
2.291073091328144073e-02
7.894958555698394775e-02
1.669050753116607666e-01
2.032517194747924805e-01
2.191205620765686035e-01
3.176760077476501465e-01
2.384156920015811920e-03
4.653173382394015789e-04
5.536327511072158813e-02
2.638435959815979004e-01
-2.688679993152618408e-01
-6.393540650606155396e-02
3.141086995601654053e-01
-1.044660881161689758e-01
2.155315876007080078e-01
2.692922651767730713e-01
6.310855038464069366e-03
2.118122763931751251e-02
3.033767826855182648e-02
1.342547684907913208e-01
1.787785589694976807e-01
9.431552886962890625e+00
2.756868600845336914e-01
1.317388862371444702e-01
1.869767308235168457e-01
8.584965765476226807e-02
1.495598554611206055e-01
-2.001361846923828125e-01
-3.027537763118743896e-01
6.990551948547363281e-01
1.032921746373176575e-01
5.938390269875526428e-02
6.860808134078979492e-01
-1.759990155696868896e-01
1.970021277666091919e-01
2.174210846424102783e-01
1.002372950315475464e-01
2.004532217979431152e-01
5.194023251533508301e-01
3.032520115375518799e-01
1.087593883275985718e-01
2.520964741706848145e-01
9.802043437957763672e-02
6.792997941374778748e-03
4.115900024771690369e-02
3.559825122356414795e-01
9.822393953800201416e-02
-1.271339654922485352e-01
5.891931056976318359e-02
-2.112749218940734863e-02
-9.465003013610839844e-02
3.234391808509826660e-01
5.331900119781494141e-01
2.812052667140960693e-01
-7.001950591802597046e-02
4.500119388103485107e-02
5.852359533309936523e-02
-2.729894034564495087e-02
1.233304291963577271e-01
1.570470482110977173e-01
6.301594525575637817e-02
-1.797391772270202637e-01
1.682117432355880737e-01
-2.272439002990722656e-02
1.421327143907546997e-01
2.762794494628906250e-01
4.049656540155410767e-02
-1.990547776222229004e-01
3.658436834812164307e-01
2.731127291917800903e-02
-1.313768774271011353e-01
9.322702884674072266e-02
-7.606974244117736816e-02
1.933991163969039917e-02
1.850154250860214233e-03
4.152535647153854370e-02
2.565921470522880554e-02
-6.576116383075714111e-02
3.766264393925666809e-02
2.722113430500030518e-01
1.402915865182876587e-01
3.341242074966430664e-01
-4.185262322425842285e-02
-9.587442874908447266e-02
2.747069895267486572e-01
-1.555968225002288818e-01
3.646047785878181458e-02
-1.320141106843948364e-01
1.340149808675050735e-02
-4.876166582107543945e-02
1.061567217111587524e-01
5.363265275955200195e-01
3.729831874370574951e-01
3.385663777589797974e-02
-8.602885901927947998e-02
7.987880110740661621e-01
-1.823367774486541748e-01
1.640085428953170776e-01
1.881490051746368408e-01
1.576511263847351074e-01
8.600204437971115112e-02
5.538950674235820770e-03
2.040198445320129395e-02
3.665509521961212158e-01
1.500181108713150024e-01
6.821963191032409668e-02
1.263013482093811035e-01
2.674378454685211182e-01
1.322302073240280151e-01
6.470444798469543457e-02
2.426511347293853760e-01
7.229664921760559082e-02
1.256698071956634521e-01
-6.934510171413421631e-02
4.697048068046569824e-01
1.468407958745956421e-01
1.520753949880599976e-01
1.080586109310388565e-02
7.897349074482917786e-03
-1.833156123757362366e-02
1.029675126075744629e+00
2.864640355110168457e-01
2.720898389816284180e-01
2.997267246246337891e-02
1.122745275497436523e-01
3.488369584083557129e-01
-6.207761168479919434e-02
2.179912030696868896e-01
4.287388324737548828e-01
-4.160371422767639160e-02
3.663771450519561768e-01
1.080468818545341492e-01
-2.558696269989013672e-02
-4.002242684364318848e-01
-2.407792210578918457e-01
7.191399931907653809e-01
-5.158350337296724319e-03
4.654805660247802734e-01
1.192879155278205872e-01
-1.209543347358703613e-01
2.404794991016387939e-01
4.274168014526367188e-01
5.599323511123657227e-01
1.261390298604965210e-01
-1.148259118199348450e-01
1.221760883927345276e-01
2.956180274486541748e-02
-7.138870656490325928e-02
2.867940068244934082e-01
2.460851222276687622e-01
1.813278943300247192e-01
3.129490911960601807e-01
-9.333310276269912720e-02
1.169263501651585102e-03
-2.633166015148162842e-01
3.583263158798217773e-01
1.627276241779327393e-01
3.764398992061614990e-01
3.910906910896301270e-01
1.100056767463684082e-01
1.112924665212631226e-01
2.074148505926132202e-02
1.149946227669715881e-01
6.287078559398651123e-02
5.341258645057678223e-01
-2.116111665964126587e-01
5.915007740259170532e-02
-1.586474925279617310e-01
-3.785531735047698021e-03
3.529537469148635864e-02
-2.059193514287471771e-02
1.538264751434326172e-01
1.204510703682899475e-01
1.262418180704116821e-01
-6.206194311380386353e-02
-1.442324556410312653e-02
-1.476473659276962280e-01
-1.829205751419067383e-01
2.087171077728271484e-01
3.319470882415771484e-01
-8.804394304752349854e-02
1.558565735816955566e+00
2.220049798488616943e-01
2.324469536542892456e-01
5.676215514540672302e-02
3.974739909172058105e-01
5.033890008926391602e-01
-1.440247595310211182e-01
1.919210255146026611e-01
-1.383109688758850098e-01
-6.440801545977592468e-03
3.397450149059295654e-01
4.690984487533569336e-01
2.283329516649246216e-02
6.560733318328857422e-01
2.451106607913970947e-01
-1.681418418884277344e-01
7.192697376012802124e-02
-1.225201264023780823e-01
-2.348326146602630615e-01
1.966096609830856323e-01
8.650128543376922607e-02
1.280998736619949341e-01
-9.011922031641006470e-02
4.890995919704437256e-01
-1.348103284835815430e-01
1.065687835216522217e-01
1.270981431007385254e-01
4.385801553726196289e-01
4.559010565280914307e-01
4.617291688919067383e-02
1.653774976730346680e-01
3.574215471744537354e-01
9.740821272134780884e-02
-2.312823385000228882e-01
8.460655063390731812e-02
2.897602319717407227e-01
-9.889616817235946655e-02
9.013789296150207520e-01
2.524021267890930176e-01
-2.156888097524642944e-01
-5.597361922264099121e-02
-1.138187423348426819e-01
-6.134116556495428085e-03
-1.340014934539794922e-01
1.611428856849670410e-01
-4.806200042366981506e-02
1.386472433805465698e-01
-3.017763420939445496e-02
1.839778125286102295e-01
-1.180165931582450867e-01
3.891790807247161865e-01
6.139155849814414978e-02
1.588849425315856934e-01
5.890574678778648376e-02
5.196121931076049805e-01
1.239538490772247314e-01
5.555816292762756348e-01
5.013902187347412109e-01
-3.799786418676376343e-02
-1.412572860717773438e-01
7.036212086677551270e-02
-1.731307655572891235e-01
3.503975272178649902e-01
-1.346286386251449585e-01
-2.301070839166641235e-02
5.945154651999473572e-02
3.114396631717681885e-01
4.392456710338592529e-01
-8.340684324502944946e-02
8.054682984948158264e-03
8.243258297443389893e-02
-6.422164291143417358e-02
1.734511107206344604e-01
9.775751084089279175e-02
-9.484995156526565552e-02
6.003302931785583496e-01
-2.856979370117187500e-01
6.630276441574096680e-01
2.289008349180221558e-01
-5.508545041084289551e-02
1.968109309673309326e-01
1.310784816741943359e-01
1.166777387261390686e-01
2.734585106372833252e-01
-1.608943194150924683e-01
1.540094427764415741e-02
1.656773984432220459e-01
4.017373621463775635e-01
1.946776062250137329e-01
-3.404343724250793457e-01
4.657046198844909668e-01
-2.726383320987224579e-02
9.788577258586883545e-02
3.008657395839691162e-01
8.313366025686264038e-02
6.527620553970336914e-02
1.934043318033218384e-01
4.396189376711845398e-02
1.978531777858734131e-01
6.203033328056335449e-01
-2.478502318263053894e-02
3.161337226629257202e-02
4.272232055664062500e-01
-1.786437630653381348e-01
2.276035211980342865e-02
1.018794625997543335e-01
-1.771664023399353027e-01
-9.124194085597991943e-02
6.851354241371154785e-02
2.091634124517440796e-01
2.126875817775726318e-01
2.601867914199829102e-01
-1.926572620868682861e-02
1.862713843584060669e-01
8.681552857160568237e-02
-1.649359166622161865e-01
-6.735132634639739990e-02
3.510103225708007812e-01
7.941894233226776123e-02
3.475674986839294434e-01
-3.273533880710601807e-01
2.284388989210128784e-01
1.916727051138877869e-02
4.349331855773925781e-01
2.348461374640464783e-02
5.020538568496704102e-01
2.871981143951416016e+00
3.456090111285448074e-03
-3.421435877680778503e-02
3.523403108119964600e-01
4.583148658275604248e-01
-1.965091377496719360e-01
-1.235678717494010925e-01
1.771328300237655640e-01
6.335854530334472656e-02
-2.155463211238384247e-03
3.330199420452117920e-01
-5.463622882962226868e-02
1.946589350700378418e-01
2.319575548171997070e-01
-1.942478865385055542e-01
7.145281136035919189e-02
4.199127852916717529e-02
3.277153372764587402e-01
-1.105572059750556946e-01
-1.079558804631233215e-01
1.316381245851516724e-01
2.468993067741394043e-01
7.210768293589353561e-03
2.776551544666290283e-01
-1.571949273347854614e-01
6.246493756771087646e-02
-1.328608137555420399e-03
-1.570123620331287384e-02
2.074369937181472778e-01
-9.616073220968246460e-03
-4.071515053510665894e-02
3.305492401123046875e-01
-5.716587603092193604e-02
5.704873204231262207e-01
-1.035811007022857666e-01
-1.792806982994079590e-01
3.290451169013977051e-01
5.746485292911529541e-02
-8.488842099905014038e-02
1.713126599788665771e-01
-5.716654285788536072e-02
3.827792704105377197e-01
2.491971999406814575e-01
-1.675882637500762939e-01
-5.427124351263046265e-02
4.650589227676391602e-01
-3.148515820503234863e-01
3.387735486030578613e-01
-1.197729185223579407e-01
7.561805099248886108e-02
2.710762917995452881e-01
1.290125250816345215e-01
1.419967859983444214e-01
3.303769826889038086e-01
2.096724659204483032e-01
2.746945023536682129e-01
1.873275041580200195e-01
2.140841484069824219e-01
1.219776943325996399e-01
5.930843949317932129e-01
2.136889286339282990e-02
8.090279698371887207e-01
3.094041943550109863e-01
3.441525399684906006e-01
1.662184149026870728e-01
1.361551284790039062e-01
2.333735823631286621e-01
8.004058152437210083e-03
1.033283844590187073e-01
6.381871104240417480e-01
-2.653965353965759277e-02
