
2.368046157062053680e-02
4.586084187030792236e-02
9.300803765654563904e-03
-1.767451316118240356e-02
5.614658817648887634e-02
-3.867705911397933960e-02
-2.516458742320537567e-02
-4.417527839541435242e-02
1.517687179148197174e-02
-3.169610723853111267e-02
8.506654947996139526e-02
7.120058685541152954e-02
7.061733398586511612e-03
2.406331710517406464e-03
-4.925513640046119690e-04
4.080533981323242188e-02
-9.151679463684558868e-03
2.959447354078292847e-02
5.729677528142929077e-02
7.180838286876678467e-02
4.058682173490524292e-02
1.596247777342796326e-02
-4.801477119326591492e-02
8.600133657455444336e-02
1.499365717172622681e-01
5.727683007717132568e-02
2.153656678274273872e-03
9.440549649298191071e-03
4.170079901814460754e-02
5.996140465140342712e-02
3.433918952941894531e-02
6.586953252553939819e-02
2.118967100977897644e-02
8.311578631401062012e-02
5.432258173823356628e-02
-5.792515818029642105e-03
3.203695639967918396e-02
-8.300576591864228249e-04
-4.157074540853500366e-02
9.228252619504928589e-02
6.686988472938537598e-02
-6.843896955251693726e-02
9.470435976982116699e-02
-1.128437346778810024e-03
-2.237618155777454376e-02
2.509228885173797607e-02
-2.844895981252193451e-02
5.398981273174285889e-02
7.439303398132324219e-02
3.201682493090629578e-02
8.599787950515747070e-03
-5.327738821506500244e-02
4.534675180912017822e-02
3.288171067833900452e-02
5.671159550547599792e-02
7.340805232524871826e-02
3.737192228436470032e-02
3.609668463468551636e-02
3.435506671667098999e-02
5.642493069171905518e-02
2.548070810735225677e-02
6.703171879053115845e-02
1.287445146590471268e-02
9.892265498638153076e-02
6.965979468077421188e-03
-3.151626139879226685e-02
4.481299221515655518e-02
8.754415065050125122e-02
6.664663553237915039e-02
4.870448634028434753e-02
6.548210233449935913e-02
1.994108408689498901e-02
5.626159533858299255e-02
3.897207602858543396e-02
1.393277477473020554e-02
1.100095547735691071e-02
6.954806298017501831e-02
3.568754345178604126e-02
-1.684262044727802277e-02
2.983967028558254242e-02
2.907300367951393127e-02
6.010155379772186279e-02
2.662207186222076416e-02
-3.434521332383155823e-02
7.854409515857696533e-02
3.768505156040191650e-02
4.776340350508689880e-02
-1.976415328681468964e-02
-4.859637469053268433e-02
4.122388362884521484e-02
-5.639652907848358154e-02
7.811745256185531616e-02
-7.173363864421844482e-02
-4.265103489160537720e-02
1.492847651243209839e-01
2.790125831961631775e-02
7.298900932073593140e-02
8.446650952100753784e-02
1.243745163083076477e-02
3.113711252808570862e-02
3.953054174780845642e-02
8.576128631830215454e-03
3.951219841837882996e-02
5.591649562120437622e-02
1.301041059195995331e-02
8.035360276699066162e-02
-2.422989532351493835e-02
-8.335284888744354248e-02
3.143686801195144653e-02
7.113509625196456909e-02
4.308729246258735657e-02
7.733439560979604721e-04
8.305054903030395508e-02
7.940984517335891724e-02
-7.203229237347841263e-03
-3.555649891495704651e-02
5.225248634815216064e-02
5.557027831673622131e-02
8.560319989919662476e-02
5.284256115555763245e-02
-3.703985735774040222e-02
8.518746495246887207e-02
6.226333230733871460e-02
3.933579474687576294e-02
-1.287500653415918350e-02
4.449165984988212585e-02
-2.210092917084693909e-02
5.601007491350173950e-02
-2.783105522394180298e-02
1.346312928944826126e-02
-9.326843544840812683e-03
6.187746301293373108e-02
4.956369847059249878e-02
-1.757421297952532768e-03
-6.447690725326538086e-02
-1.181431859731674194e-02
1.887057721614837646e-02
-1.648373343050479889e-02
-2.214955631643533707e-03
5.644532665610313416e-02
9.394632279872894287e-02
-5.490712355822324753e-03
1.043342053890228271e-01
-1.403681561350822449e-02
3.512464230880141258e-03
2.207900583744049072e-02
-9.247905574738979340e-03
3.406088426709175110e-02
8.499332517385482788e-02
1.356135495007038116e-02
7.093323022127151489e-02
7.539670169353485107e-02
2.479840535670518875e-03
2.758101793006062508e-03
2.614132536109536886e-04
-3.288283711299300194e-03
6.551579385995864868e-02
6.882812082767486572e-02
-1.434621959924697876e-02
-4.513572528958320618e-02
9.973043203353881836e-02
1.885225996375083923e-02
5.812606588006019592e-02
-4.686792846769094467e-03
5.578308831900358200e-03
-1.782998070120811462e-02
-3.540163114666938782e-02
6.533715873956680298e-02
1.660172129049897194e-03
1.207512021064758301e-01
1.067494899034500122e-01
6.682191789150238037e-02
-1.231534592807292938e-02
-1.708526723086833954e-02
6.348864734172821045e-02
-1.967465691268444061e-02
3.800399973988533020e-02
5.816204100847244263e-02
7.679440826177597046e-02
-3.600547090172767639e-02
1.798550784587860107e-01
1.343940664082765579e-02
4.390991479158401489e-02
1.576927118003368378e-02
1.696558296680450439e-02
2.864683419466018677e-02
1.629221951588988304e-03
3.543236851692199707e-02
-6.618490815162658691e-02
6.751744449138641357e-02
2.825814671814441681e-02
6.620621681213378906e-02
-1.120292115956544876e-02
-1.034140773117542267e-02
9.132386185228824615e-03
1.231613662093877792e-02
2.864494174718856812e-02
3.965340927243232727e-02
4.216813482344150543e-03
4.308358579874038696e-02
2.706672623753547668e-02
6.362998485565185547e-02
-3.287713974714279175e-02
-3.937688842415809631e-02
-3.950911387801170349e-02
3.158800303936004639e-02
3.395793586969375610e-02
1.454760879278182983e-01
1.812124252319335938e-02
-1.292037894017994404e-03
4.003620147705078125e-02
6.000880151987075806e-02
-3.585037216544151306e-02
3.184996917843818665e-02
2.065804041922092438e-02
7.161331176757812500e-02
5.032187327742576599e-02
-1.841534301638603210e-02
-5.643858760595321655e-02
1.776894740760326385e-02
4.277795553207397461e-02
5.537593737244606018e-03
8.752962201833724976e-02
7.269436866044998169e-02
-1.460483908886089921e-04
-3.865725547075271606e-02
8.427651599049568176e-03
-2.448827493935823441e-03
9.775012731552124023e-02
5.979706719517707825e-02
2.380992658436298370e-02
6.748519837856292725e-02
6.927233934402465820e-02
-2.472579013556241989e-03
-1.883917488157749176e-02
7.136388123035430908e-02
-2.042618766427040100e-02
1.722140354104340076e-03
-1.220588572323322296e-02
5.319398269057273865e-02
7.067079097032546997e-02
3.338997811079025269e-02
2.761757746338844299e-02
-3.179153800010681152e-02
-3.351216018199920654e-02
6.868543475866317749e-02
6.277623772621154785e-02
1.823758184909820557e-01
2.089627273380756378e-02
2.716116793453693390e-02
7.873456925153732300e-02
1.273815240710973740e-02
4.101607948541641235e-02
8.344912528991699219e-02
3.962950035929679871e-02
-3.026690520346164703e-02
2.911562845110893250e-02
5.067803710699081421e-02
7.993301376700401306e-03
4.929007962346076965e-02
6.862311065196990967e-02
-4.091062769293785095e-02
4.414698854088783264e-02
3.646467253565788269e-02
5.651208013296127319e-02
3.609807416796684265e-02
-6.791350897401571274e-04
-1.232901029288768768e-02
5.941523611545562744e-02
6.773477047681808472e-02
3.311658278107643127e-02
8.359427005052566528e-02
8.645994961261749268e-02
1.750439591705799103e-02
5.819070711731910706e-02
4.468024894595146179e-02
3.515002783387899399e-03
5.203659087419509888e-02
4.392040520906448364e-02
-2.087467722594738007e-02
-2.657641656696796417e-03
-2.517774514853954315e-02
-1.437548827379941940e-02
1.988091535167768598e-04
-3.503875050228089094e-04
7.737036328762769699e-03
1.293116994202136993e-02
1.209620572626590729e-02
9.347489476203918457e-02
3.940302133560180664e-02
7.136260718107223511e-02
-1.414132770150899887e-02
1.309358477592468262e-01
5.737537518143653870e-02
4.469595849514007568e-02
-2.835986437276005745e-03
7.105310261249542236e-02
5.709161609411239624e-02
3.743170574307441711e-02
1.447249110788106918e-02
-3.373222053050994873e-02
8.811573684215545654e-02
1.488340944051742554e-01
3.285806626081466675e-02
7.961873710155487061e-02
1.934390515089035034e-02
-2.611490525305271149e-02
3.173748776316642761e-02
-5.792515352368354797e-03
4.707201942801475525e-02
9.295506775379180908e-02
-1.257354859262704849e-03
6.314175575971603394e-02
2.102415449917316437e-02
7.462757825851440430e-02
3.798777610063552856e-02
8.134573698043823242e-03
1.807160861790180206e-02
-8.135639131069183350e-02
8.723605424165725708e-02
3.884389251470565796e-02
3.851528465747833252e-02
-5.040731048211455345e-04
6.498403847217559814e-02
-3.434706106781959534e-02
3.770406544208526611e-02
1.068592444062232971e-02
4.208400100469589233e-02
-1.402926631271839142e-02
1.560425292700529099e-02
-5.816866643726825714e-03
9.359677135944366455e-02
-3.353345906361937523e-03
9.389370679855346680e-03
5.930627696216106415e-03
6.132425367832183838e-02
3.532764269039034843e-03
2.862559817731380463e-02
1.817472837865352631e-02
2.833256684243679047e-02
3.065404295921325684e-02
3.955195099115371704e-02
-5.095576867461204529e-02
1.710966788232326508e-02
3.508778288960456848e-02
2.470291219651699066e-02
2.001735195517539978e-02
1.354332827031612396e-02
-2.709548547863960266e-02
3.943290188908576965e-02
5.534226074814796448e-02
4.071297496557235718e-02
-3.685793653130531311e-02
3.363022580742835999e-02
1.047686934471130371e-01
9.887268394231796265e-02
-4.808959085494279861e-03
4.328208789229393005e-02
-2.891566231846809387e-02
-2.330924384295940399e-02
1.117220334708690643e-02
8.997288532555103302e-03
4.120036214590072632e-02
4.243120923638343811e-02
3.044497594237327576e-02
1.799226552248001099e-02
3.364668786525726318e-02
3.250024467706680298e-02
2.527521178126335144e-02
3.159938752651214600e-02
8.630306273698806763e-02
8.406028896570205688e-02
1.137994751334190369e-01
1.046164333820343018e-01
9.194672852754592896e-02
5.764237791299819946e-02
1.504777837544679642e-02
6.215978041291236877e-02
-8.195745758712291718e-03
1.451303157955408096e-02
6.930132396519184113e-03
-1.419482938945293427e-02
9.237140417098999023e-02
2.280729264020919800e-02
4.996989667415618896e-02
2.917592041194438934e-02
-3.537898417562246323e-03
6.678919494152069092e-02
8.364587277173995972e-02
6.094802916049957275e-02
-1.208143774420022964e-02
5.520447343587875366e-02
7.137858122587203979e-02
2.942965179681777954e-02
-1.886387728154659271e-02
7.291933894157409668e-02
6.740017980337142944e-02
3.023552149534225464e-02
-7.867416716180741787e-04
1.451199222356081009e-02
8.329959213733673096e-02
-1.730669289827346802e-02
-1.241556834429502487e-02
1.525391265749931335e-02
1.040893979370594025e-02
5.729870498180389404e-02
-4.071448743343353271e-02
3.562612831592559814e-02
3.885832801461219788e-02
-5.368973314762115479e-02
-9.500602260231971741e-03
6.024417281150817871e-02
4.386124666780233383e-03
8.265718072652816772e-02
3.735401108860969543e-02
4.336417093873023987e-02
1.304408628493547440e-02
6.593099329620599747e-03
-1.422996632754802704e-02
7.203510403633117676e-02
2.157758548855781555e-02
-4.129568859934806824e-02
1.524588093161582947e-02
7.833930850028991699e-02
1.870311982929706573e-02
4.436113685369491577e-02
1.415803097188472748e-02
6.792769581079483032e-02
7.306315004825592041e-02
2.713550440967082977e-02
4.567700251936912537e-02
1.135881291702389717e-03
-3.387385606765747070e-02
6.336742639541625977e-02
2.994587086141109467e-02
3.392481058835983276e-02
1.069919839501380920e-01
-8.428452908992767334e-02
4.862244054675102234e-02
1.184888649731874466e-03
-3.363050892949104309e-02
4.244247823953628540e-02
5.774950236082077026e-02
3.301500529050827026e-02
8.738242834806442261e-02
-4.489652067422866821e-02
-5.316628958098590374e-04
5.037499591708183289e-02
-4.535721242427825928e-02
-6.346662342548370361e-02
2.320119924843311310e-02
5.113785341382026672e-02
-6.632596254348754883e-03
-7.297747302800416946e-03
1.057310551404953003e-01
4.013192653656005859e-02
4.834357649087905884e-02
2.680244669318199158e-02
1.220544613897800446e-02
3.181171417236328125e-02
1.630152389407157898e-02
9.503992646932601929e-02
4.350978881120681763e-02
7.050987333059310913e-02
8.540575951337814331e-02
5.156901665031909943e-03
-1.572266221046447754e-02
1.245737597346305847e-01
9.913507848978042603e-03
1.011431217193603516e-01
7.399325817823410034e-02
-8.416292071342468262e-02
6.010603159666061401e-02
4.339583218097686768e-02
1.555655431002378464e-02
-1.675390638411045074e-02
4.740774258971214294e-02
1.567740738391876221e-01
2.079135179519653320e-02
-2.105560526251792908e-02
-3.020089061465114355e-04
6.850215792655944824e-02
-6.472299341112375259e-03
-2.299384505022317171e-06
4.777784342877566814e-04
2.197548188269138336e-02
5.205979198217391968e-02
7.719111442565917969e-02
-7.612575590610504150e-02
5.045267939567565918e-02
1.112791150808334351e-02
4.201277717947959900e-02
9.418076276779174805e-02
5.828018486499786377e-02
7.237774133682250977e-02
2.263957634568214417e-02
-6.388201564550399780e-02
1.677076146006584167e-02
-7.390612736344337463e-03
1.337312045507133007e-03
9.298542141914367676e-02
1.628646813333034515e-02
1.485892236232757568e-01
1.307604610919952393e-01
5.624543130397796631e-02
1.436121948063373566e-02
6.421686708927154541e-02
4.837970063090324402e-02
1.259111016988754272e-01
1.256515383720397949e-01
7.453082501888275146e-02
-1.719240844249725342e-02
