
7.342983484268188477e-01
9.340367466211318970e-02
6.775674223899841309e-02
8.862965703010559082e-01
2.599454224109649658e-01
6.642669439315795898e-01
-1.582892611622810364e-02
3.249064981937408447e-01
6.860072612762451172e-01
6.247932463884353638e-02
5.815649628639221191e-01
2.361474931240081787e-01
6.969499588012695312e-01
1.945116668939590454e-01
4.858922064304351807e-01
4.457184672355651855e-01
5.113422274589538574e-01
2.085759937763214111e-01
5.755771398544311523e-01
3.319957256317138672e-01
4.997982978820800781e-01
7.117758989334106445e-01
3.028407394886016846e-01
7.082712054252624512e-01
4.548978805541992188e-02
7.446501851081848145e-01
2.984549403190612793e-01
4.821165502071380615e-01
8.165862560272216797e-01
6.260389685630798340e-01
3.768092989921569824e-01
2.064037084579467773e+00
7.731104493141174316e-01
3.459576964378356934e-01
6.130958199501037598e-01
6.545915603637695312e-01
3.904563188552856445e-01
5.086916685104370117e-01
2.625384032726287842e-01
2.366963773965835571e-01
7.971056550741195679e-02
1.117935299873352051e+00
2.612936198711395264e-01
8.697589039802551270e-01
2.154362201690673828e-01
7.800782322883605957e-01
3.701536655426025391e-01
4.799338579177856445e-01
4.313977956771850586e-01
5.084193944931030273e-01
2.304966300725936890e-01
7.636526823043823242e-01
3.541986644268035889e-01
4.579421579837799072e-01
4.662595093250274658e-01
9.850297868251800537e-02
3.803251981735229492e-01
6.688019633293151855e-01
4.015122950077056885e-01
9.051035642623901367e-01
4.316681623458862305e-01
1.302013993263244629e+00
5.306885242462158203e-01
4.899350404739379883e-01
