
-3.091221153736114502e-01
3.639722466468811035e-01
1.373761296272277832e-01
7.717966288328170776e-02
9.052184224128723145e-01
8.885256201028823853e-02
1.078911796212196350e-01
-2.310673892498016357e-01
-6.318097114562988281e-01
1.816136687994003296e-01
-3.339149355888366699e-01
1.961724013090133667e-01
4.383861720561981201e-01
1.938707977533340454e-01
1.089435443282127380e-01
1.031503826379776001e-01
-1.027151346206665039e+00
5.252688378095626831e-02
1.311845779418945312e-01
2.285157740116119385e-01
-7.137722373008728027e-01
2.154154926538467407e-01
-6.981961727142333984e-01
4.061131551861763000e-02
1.395534723997116089e-01
2.876754403114318848e-01
3.535874485969543457e-01
3.937295079231262207e-01
4.345285296440124512e-01
-4.825926423072814941e-01
2.631120756268501282e-02
9.220165014266967773e-02
5.196397751569747925e-02
5.507050156593322754e-01
3.236809372901916504e-01
7.263481616973876953e-02
-1.774550825357437134e-01
3.761971890926361084e-01
3.934410214424133301e-01
1.767312735319137573e-01
-1.578422784805297852e-01
2.605185508728027344e-01
8.342359215021133423e-02
8.603705465793609619e-02
-9.131281822919845581e-02
2.293251454830169678e-01
2.998315095901489258e-01
1.351126134395599365e-01
-3.835828900337219238e-01
1.091254428029060364e-01
-5.343287587165832520e-01
4.741787016391754150e-01
-7.408480346202850342e-02
3.004625737667083740e-01
1.259080767631530762e-01
1.648037433624267578e-01
2.403942942619323730e-01
2.340197861194610596e-01
-1.933418661355972290e-01
1.663564704358577728e-02
2.714494764804840088e-01
3.385785594582557678e-02
6.076291576027870178e-02
-5.825158953666687012e-01
