
9.722325205802917480e-02
-7.323013991117477417e-02
1.515041589736938477e-01
1.073683798313140869e-01
-7.875559478998184204e-02
-2.412469871342182159e-02
8.480310440063476562e-02
6.249341741204261780e-02
2.888720035552978516e-01
1.558303385972976685e-01
1.340042948722839355e-01
6.981999427080154419e-02
-2.171933352947235107e-01
1.058696806430816650e-01
2.222565561532974243e-01
-2.878157421946525574e-02
6.475840508937835693e-02
-1.388271301984786987e-01
2.053090929985046387e-01
1.192783191800117493e-01
-4.181314259767532349e-02
-1.113286893814802170e-02
-8.712089806795120239e-02
7.556625455617904663e-02
2.640690505504608154e-01
9.739077091217041016e-02
-6.560191512107849121e-02
-1.395844668149948120e-01
-1.626466959714889526e-01
-8.774667978286743164e-03
2.097528874874114990e-01
1.206256672739982605e-01
2.330271154642105103e-01
1.427184976637363434e-02
1.270246654748916626e-01
4.330766573548316956e-02
1.075628474354743958e-01
2.561012469232082367e-02
-7.224389910697937012e-02
5.701548978686332703e-02
3.509824350476264954e-02
-4.411921650171279907e-02
-7.658579945564270020e-02
1.815328747034072876e-01
1.803263276815414429e-01
1.687475740909576416e-01
9.780415147542953491e-02
1.802620477974414825e-02
-1.435195002704858780e-02
7.418736070394515991e-02
9.395845979452133179e-02
1.194595173001289368e-01
-1.260940730571746826e-01
3.074645102024078369e-01
-9.784752130508422852e-02
1.508381515741348267e-01
1.113900262862443924e-02
-1.342273801565170288e-01
-1.334904972463846207e-02
1.451827436685562134e-01
4.950870573520660400e-02
2.925216853618621826e-01
1.367224939167499542e-02
-9.931725263595581055e-02
2.246250631287693977e-03
1.124650463461875916e-01
1.669447310268878937e-02
1.581533998250961304e-02
-2.616905570030212402e-01
-5.425174161791801453e-02
8.327103406190872192e-02
-8.742068707942962646e-02
-1.080938130617141724e-01
-1.342226415872573853e-01
8.931898325681686401e-02
1.589000970125198364e-01
7.232178747653961182e-02
5.351558700203895569e-02
-9.789907932281494141e-02
-2.227373048663139343e-02
1.660573184490203857e-01
1.467835903167724609e-02
4.883098974823951721e-02
-6.187854334712028503e-02
-2.426884835585951805e-03
-3.509050235152244568e-02
-5.702841281890869141e-02
2.117761671543121338e-01
-5.870922654867172241e-02
-4.172186926007270813e-02
1.873969584703445435e-01
-8.783166855573654175e-02
1.815724223852157593e-01
3.103602211922407150e-03
-1.064223200082778931e-01
2.611893415451049805e-01
7.736514508724212646e-02
2.530471980571746826e-01
6.774490326642990112e-02
6.990371644496917725e-02
-1.214466169476509094e-01
3.274334222078323364e-02
-7.329806685447692871e-02
-1.297181695699691772e-01
-1.933388411998748779e-01
-1.478596627712249756e-01
-7.926178723573684692e-02
8.763821423053741455e-02
8.396608754992485046e-03
3.945872560143470764e-02
6.216666102409362793e-02
-4.531705752015113831e-03
1.293869167566299438e-01
-5.561144556850194931e-03
1.522129327058792114e-01
1.174981519579887390e-02
1.940935552120208740e-01
1.870421227067708969e-03
1.205739676952362061e-01
-6.696393340826034546e-02
9.790688753128051758e-02
-4.426228627562522888e-02
-1.390633545815944672e-02
8.040948957204818726e-02
4.767206963151693344e-03
-1.973023451864719391e-02
6.300216913223266602e-02
1.965137571096420288e-01
2.647767961025238037e-01
-2.854239046573638916e-01
5.211710929870605469e-02
1.596600562334060669e-01
1.385200917720794678e-01
1.698520332574844360e-01
-7.981632649898529053e-02
1.816707849502563477e-01
1.282560229301452637e-01
4.193587228655815125e-02
4.150718741584569216e-04
-8.137281984090805054e-02
2.454108893871307373e-01
6.028919294476509094e-02
-9.570151567459106445e-02
2.094703912734985352e-02
3.805759828537702560e-03
9.276220947504043579e-02
2.495102584362030029e-01
1.265632212162017822e-01
-3.852531686425209045e-02
3.050336241722106934e-01
-5.899557843804359436e-02
-2.518738387152552605e-03
1.398333609104156494e-01
2.530286088585853577e-03
2.353465259075164795e-01
8.096496760845184326e-02
-5.556669831275939941e-02
2.541822753846645355e-02
3.573109954595565796e-02
4.156297817826271057e-02
1.825996637344360352e-01
1.362190097570419312e-01
5.860136076807975769e-02
-1.213352102786302567e-02
1.893563568592071533e-02
-3.404433606192469597e-03
-9.086359292268753052e-02
3.127333894371986389e-02
2.387158274650573730e-01
-6.425008922815322876e-02
1.459691673517227173e-01
2.762389555573463440e-02
-8.746181428432464600e-02
7.405039668083190918e-02
-3.937754780054092407e-03
2.251051217317581177e-01
-4.398903623223304749e-02
4.225694760680198669e-02
-1.671232730150222778e-01
1.049554347991943359e-01
7.863877341151237488e-03
2.394736558198928833e-01
8.346658945083618164e-02
6.213258579373359680e-02
1.678946465253829956e-01
1.111963242292404175e-01
1.740669906139373779e-01
1.511546522378921509e-01
1.203488931059837341e-01
-7.582936435937881470e-03
1.007686555385589600e-01
-7.465685904026031494e-02
7.410887628793716431e-02
7.293395698070526123e-02
-7.335333526134490967e-02
-3.005175292491912842e-02
1.035258695483207703e-01
-1.107958629727363586e-01
-7.805995643138885498e-02
1.277776509523391724e-01
-4.177231341600418091e-02
1.307074576616287231e-01
5.096976459026336670e-02
-9.983349591493606567e-02
2.530530691146850586e-01
-6.563498824834823608e-02
2.104357481002807617e-01
9.958200901746749878e-02
-8.785358071327209473e-02
2.115306854248046875e-01
5.905046127736568451e-03
1.753860265016555786e-01
1.165412887930870056e-01
6.418047845363616943e-02
2.316690087318420410e-01
7.782362867146730423e-03
-1.329837441444396973e-01
2.638129051774740219e-03
2.080727219581604004e-01
7.671287748962640762e-03
-5.037002637982368469e-02
2.542321383953094482e-02
9.417409449815750122e-02
8.435358852148056030e-02
-2.450060844421386719e-02
3.120138049125671387e-01
4.902552440762519836e-02
2.034154385328292847e-01
-1.848397590219974518e-02
1.439992785453796387e-01
6.251933425664901733e-02
4.508612677454948425e-02
-2.163021117448806763e-01
5.038293004035949707e-01
7.393059879541397095e-02
-1.638526841998100281e-02
5.608121305704116821e-02
-6.627126783132553101e-02
-2.297985367476940155e-02
-1.237082928419113159e-01
3.378008306026458740e-01
1.378425359725952148e-01
9.203931689262390137e-02
-3.440862149000167847e-02
-1.370663791894912720e-01
4.821123778820037842e-01
1.316464543342590332e-01
9.093261510133743286e-02
-1.062403172254562378e-01
1.959677785634994507e-01
-1.061156019568443298e-01
-1.985991187393665314e-02
-1.664432734251022339e-01
-1.149219721555709839e-01
8.884207904338836670e-02
6.682300567626953125e-02
2.219235897064208984e-01
-4.265454784035682678e-02
8.013477176427841187e-02
1.999606043100357056e-01
-1.435576379299163818e-01
-3.836713358759880066e-02
1.820519715547561646e-01
1.259572803974151611e-01
2.932195365428924561e-01
-5.742993578314781189e-02
-1.573548316955566406e-01
5.859905108809471130e-02
2.975624501705169678e-01
2.894469536840915680e-02
4.407045990228652954e-02
-1.358873117715120316e-02
9.706388413906097412e-02
-8.052767068147659302e-02
-2.610949873924255371e-01
2.565225362777709961e-01
-2.070099562406539917e-01
-8.217857033014297485e-02
4.495098590850830078e-01
-4.254334606230258942e-03
4.784582555294036865e-02
9.332660585641860962e-02
2.195085585117340088e-01
1.067648306488990784e-01
-5.119303241372108459e-02
7.287919521331787109e-02
-9.174168109893798828e-02
5.221064761281013489e-02
-5.281042307615280151e-02
1.626695245504379272e-01
5.912341549992561340e-02
1.962728053331375122e-01
-7.364109158515930176e-02
-8.184431493282318115e-02
1.542319953441619873e-01
3.455409035086631775e-02
7.774174213409423828e-02
3.947108611464500427e-02
-1.874918043613433838e-01
9.311387687921524048e-02
8.369699120521545410e-02
5.337065830826759338e-02
5.670627951622009277e-02
2.171904295682907104e-01
-1.051874160766601562e-01
2.084982544183731079e-01
1.042232587933540344e-01
-1.859863847494125366e-01
-9.218677878379821777e-02
6.705480068922042847e-02
-5.558525770902633667e-02
1.850561797618865967e-01
8.373404294252395630e-02
4.818724095821380615e-02
1.027617380023002625e-01
-1.278366595506668091e-01
-1.252238452434539795e-01
-7.840985059738159180e-02
3.933002799749374390e-02
-1.706100255250930786e-01
4.391439259052276611e-02
1.453994512557983398e-01
1.837933659553527832e-01
-4.632683098316192627e-02
-9.107064455747604370e-02
1.304705590009689331e-01
3.457354381680488586e-03
-9.397163987159729004e-02
2.151760607957839966e-01
-2.005024999380111694e-01
-6.556881219148635864e-02
-1.827793121337890625e-01
7.545644044876098633e-02
2.459268718957901001e-01
9.013868123292922974e-02
4.417170956730842590e-02
9.595106355845928192e-03
2.990806102752685547e-02
-3.508028090000152588e-01
1.491089016199111938e-01
-6.895501166582107544e-02
2.927685901522636414e-02
-2.597705125808715820e-01
-7.682970166206359863e-02
-1.776410490274429321e-01
4.574922621250152588e-01
1.858592927455902100e-01
-1.144640371203422546e-01
-3.519072383642196655e-02
1.691052317619323730e-01
-1.927023939788341522e-02
-5.009651556611061096e-02
6.370992632582783699e-04
2.939557470381259918e-02
2.191263064742088318e-02
-1.088650003075599670e-01
3.137078881263732910e-02
-1.318747848272323608e-01
1.343210972845554352e-02
1.255679316818714142e-02
1.077217534184455872e-01
-1.533082574605941772e-01
-7.100921869277954102e-02
-7.279355823993682861e-02
2.856410741806030273e-01
4.479351267218589783e-02
-5.520701035857200623e-02
-1.304226089268922806e-02
1.238171607255935669e-01
-1.740449294447898865e-02
-1.991303116083145142e-01
7.323314994573593140e-02
7.547111809253692627e-02
-1.735743433237075806e-01
6.644122768193483353e-03
3.792909905314445496e-02
-1.631295308470726013e-02
-1.055563464760780334e-01
5.558623000979423523e-02
-1.773248612880706787e-02
3.486883267760276794e-02
5.444657057523727417e-02
-7.103037089109420776e-02
-7.022530585527420044e-02
-5.717876926064491272e-02
4.697349295020103455e-02
-8.384430408477783203e-02
4.360326379537582397e-02
1.344687640666961670e-01
1.428021043539047241e-01
-9.685266762971878052e-02
-3.624644875526428223e-02
-3.525426983833312988e-02
-1.727212406694889069e-02
-9.067583084106445312e-02
-9.795177727937698364e-02
7.560079544782638550e-02
1.200846359133720398e-01
-1.155408695340156555e-01
-1.404185295104980469e-01
1.225609481334686279e-01
2.402121759951114655e-02
9.048140048980712891e-02
-1.917120963335037231e-01
-3.559477254748344421e-02
-2.788783609867095947e-02
-1.066247373819351196e-01
-8.561656624078750610e-02
-1.234287768602371216e-01
1.166163533926010132e-01
2.843494713306427002e-01
6.051200442016124725e-03
1.659835427999496460e-01
-9.349713474512100220e-02
1.196394562721252441e-01
-1.853453554213047028e-02
-6.610995531082153320e-02
-7.999631576240062714e-03
4.719758778810501099e-02
-7.140841335058212280e-02
7.110267411917448044e-03
2.669529318809509277e-01
1.454304158687591553e-01
8.562075346708297729e-02
3.387257456779479980e-01
3.963319584727287292e-02
-1.458006799221038818e-01
1.669759303331375122e-01
-1.080744341015815735e-01
1.590306609869003296e-01
2.250470817089080811e-01
1.422876268625259399e-01
-1.364782359451055527e-02
7.067645341157913208e-02
2.607052624225616455e-01
1.155247241258621216e-01
2.218332886695861816e-01
5.800341442227363586e-02
-1.568206101655960083e-01
3.022311925888061523e-01
2.717238962650299072e-01
-5.047137849032878876e-03
7.288312911987304688e-02
8.910947293043136597e-02
1.822687387466430664e-01
8.798800408840179443e-02
3.896068781614303589e-02
-1.726499944925308228e-02
1.501222550868988037e-01
4.289937019348144531e-02
5.880231037735939026e-02
-9.184066951274871826e-02
7.476572692394256592e-02
4.444944858551025391e-01
1.494637578725814819e-01
-4.353981465101242065e-02
-2.310679666697978973e-02
3.253666311502456665e-02
2.959953844547271729e-01
1.080013439059257507e-01
1.262052953243255615e-01
3.688910305500030518e-01
1.215687170624732971e-01
1.122357770800590515e-01
1.886502951383590698e-01
-3.620943427085876465e-02
-5.288212001323699951e-02
1.800332218408584595e-01
7.667391747236251831e-02
1.702293604612350464e-01
1.441374123096466064e-01
9.783690422773361206e-02
-1.485686898231506348e-01
7.302416115999221802e-02
2.605372369289398193e-01
8.174432069063186646e-02
9.073542058467864990e-02
-1.462762355804443359e-01
3.930067643523216248e-02
1.464899978600442410e-04
-1.170847117900848389e-01
-5.831233784556388855e-02
-5.443188920617103577e-02
7.572180777788162231e-02
2.115174978971481323e-01
1.149968504905700684e-01
1.538951843976974487e-01
-4.455734789371490479e-02
-1.307073533535003662e-01
5.695087090134620667e-02
3.548490107059478760e-01
4.878056235611438751e-03
3.443734347820281982e-02
1.652103364467620850e-01
2.339576557278633118e-02
1.495315432548522949e-01
7.070881128311157227e-02
2.921252883970737457e-02
2.496734708547592163e-01
9.268638491630554199e-02
6.014261394739151001e-02
8.502575010061264038e-02
4.298108443617820740e-02
3.525936603546142578e-01
-1.155431866645812988e-01
2.043259441852569580e-01
1.296474784612655640e-01
-8.826872706413269043e-02
-4.206413030624389648e-02
3.089556843042373657e-02
1.209314092993736267e-01
6.397485136985778809e-01
