
3.541524335741996765e-02
1.079180166125297546e-01
-1.800045743584632874e-02
4.331730678677558899e-02
-5.597211420536041260e-02
3.767506778240203857e-02
7.402622699737548828e-02
1.167119015008211136e-02
-4.171805083751678467e-02
-1.174078881740570068e-01
6.783632189035415649e-02
1.221833527088165283e-01
2.051251195371150970e-02
3.728916868567466736e-02
-1.761021465063095093e-02
-5.291372910141944885e-02
1.310462802648544312e-01
-2.649136818945407867e-02
-3.435767430346459150e-04
-1.734896190464496613e-02
-4.910210845991969109e-04
-2.939920127391815186e-02
-1.802236214280128479e-02
3.438773006200790405e-02
1.052967235445976257e-01
-3.090396150946617126e-02
-5.634050443768501282e-02
-2.914781495928764343e-02
-5.646371841430664062e-02
1.736878007650375366e-01
2.176154404878616333e-02
2.042725682258605957e-01
1.781670190393924713e-02
-2.082990854978561401e-02
3.577964380383491516e-02
-3.395951166749000549e-02
4.136379342526197433e-03
5.322998017072677612e-02
6.117843091487884521e-02
-2.245916426181793213e-02
2.538491599261760712e-02
7.269070483744144440e-03
1.398202180862426758e-01
1.364580541849136353e-01
-4.595987871289253235e-02
1.153426896780729294e-02
3.229525685310363770e-02
-1.428879201412200928e-01
-1.280084834434092045e-03
-2.503991499543190002e-02
9.683921933174133301e-02
-8.883539587259292603e-02
4.107402265071868896e-02
-3.000879660248756409e-02
2.818827927112579346e-01
5.056001245975494385e-02
-1.348118390887975693e-02
5.929622799158096313e-02
-2.920301072299480438e-02
9.097030386328697205e-03
2.904369030147790909e-03
7.350898534059524536e-02
-6.010271143168210983e-03
-4.778414964675903320e-02
7.364563178271055222e-03
-6.642603874206542969e-02
-6.093100830912590027e-02
3.677489757537841797e-01
-1.169535424560308456e-02
4.413126036524772644e-02
1.322527881711721420e-02
2.266323417425155640e-01
9.524776786565780640e-02
-2.394348196685314178e-02
-5.791789293289184570e-02
-5.945649743080139160e-02
-8.095153421163558960e-02
4.826521128416061401e-02
7.174212485551834106e-03
2.414903603494167328e-02
-1.981397531926631927e-02
2.849631011486053467e-02
-8.003975450992584229e-02
2.380180209875106812e-01
-3.056173399090766907e-02
1.005899608135223389e-01
1.449583098292350769e-02
3.774005174636840820e-02
7.741304486989974976e-02
1.307257562875747681e-01
7.969470322132110596e-02
-1.456377678550779819e-03
-3.194427490234375000e-02
-1.510818488895893097e-02
3.522190079092979431e-02
-4.269610345363616943e-02
1.687600016593933105e-01
2.801413089036941528e-02
1.785132288932800293e-01
-4.344513639807701111e-02
-2.377577684819698334e-02
-3.474088758230209351e-02
-1.498662494122982025e-02
5.667724460363388062e-02
1.291111707687377930e-01
6.487823277711868286e-02
-1.447548717260360718e-02
-2.244943007826805115e-02
-2.540370635688304901e-02
3.963080793619155884e-02
-2.562262676656246185e-02
-5.031549185514450073e-02
-4.976240545511245728e-02
2.234013052657246590e-03
-2.178269997239112854e-02
-2.893101237714290619e-02
-2.453452348709106445e-02
-1.020574197173118591e-02
-5.171275231987237930e-03
1.350257545709609985e-01
9.889815747737884521e-02
-1.565480045974254608e-02
-9.305389970541000366e-02
-7.710507512092590332e-02
-1.691878400743007660e-02
-4.978675767779350281e-02
-2.051008492708206177e-02
-2.402263320982456207e-02
1.101741269230842590e-01
6.454329937696456909e-03
-6.353998184204101562e-02
-1.004263572394847870e-02
6.128535792231559753e-02
6.904998421669006348e-02
5.012229084968566895e-03
3.433638066053390503e-02
7.830274105072021484e-02
-5.077330023050308228e-02
1.401645876467227936e-02
-6.672395020723342896e-02
4.069320112466812134e-02
2.686472609639167786e-02
-6.078860908746719360e-02
-9.315037168562412262e-03
-2.626119740307331085e-02
3.054196946322917938e-03
-1.347651798278093338e-02
9.737282991409301758e-02
1.786225885152816772e-01
4.505979642271995544e-02
5.426901578903198242e-02
7.465910166501998901e-02
-8.956601843237876892e-03
7.224540412425994873e-02
-3.681834414601325989e-02
-2.303035929799079895e-02
7.669658958911895752e-02
1.466970294713973999e-01
2.135732444003224373e-03
7.852596789598464966e-02
3.428212832659482956e-03
1.111047267913818359e-01
4.244533181190490723e-02
1.093758195638656616e-01
-6.041219085454940796e-02
-8.609290234744548798e-03
4.857507348060607910e-02
2.855937927961349487e-02
1.599543988704681396e-01
-3.054119413718581200e-03
3.459853678941726685e-02
-4.951585084199905396e-02
1.745951885823160410e-05
-9.631916880607604980e-02
-4.786410555243492126e-02
-3.911726549267768860e-02
-4.340333864092826843e-02
4.529888927936553955e-02
6.557736545801162720e-02
-2.721062675118446350e-02
-2.121683396399021149e-02
1.467097103595733643e-01
3.163288906216621399e-02
8.865522593259811401e-02
2.893794514238834381e-02
2.734493464231491089e-02
-2.538448944687843323e-02
-1.905914768576622009e-02
-3.787693567574024200e-03
-5.865895748138427734e-02
6.944750249385833740e-02
9.807089716196060181e-02
-5.767549946904182434e-02
5.849808081984519958e-02
2.113321721553802490e-01
3.064252668991684914e-03
-2.661771140992641449e-02
8.753590285778045654e-02
1.381496489048004150e-01
2.338143736124038696e-01
2.021221667528152466e-01
-5.105970893055200577e-03
-2.802190929651260376e-02
5.775463208556175232e-02
-5.455541424453258514e-03
1.329735964536666870e-01
-6.440194696187973022e-02
1.023069862276315689e-02
2.113959193229675293e-02
-8.470954373478889465e-03
-1.468734908849000931e-02
-8.902422152459621429e-03
1.578349322080612183e-01
1.074338853359222412e-01
7.526610046625137329e-02
-6.600776314735412598e-02
-2.630874887108802795e-02
-2.500312216579914093e-02
-5.589903518557548523e-02
1.495295576751232147e-02
1.068384274840354919e-01
2.111648023128509521e-01
1.230725720524787903e-01
-2.988485246896743774e-02
-1.591306552290916443e-02
-4.410721734166145325e-02
-3.216619044542312622e-02
-1.796146854758262634e-02
2.257476880913600326e-04
-7.317815721035003662e-02
9.498097002506256104e-02
-4.982212558388710022e-02
5.145540460944175720e-03
-5.618956685066223145e-02
7.969632744789123535e-02
1.392339915037155151e-01
5.663325265049934387e-02
3.338532894849777222e-02
-5.524417757987976074e-02
-1.100039016455411911e-02
1.327603906393051147e-01
1.084680855274200439e-01
-9.704536199569702148e-02
4.952040314674377441e-02
-2.475063316524028778e-02
-1.516344025731086731e-02
5.947717428207397461e-01
6.861224770545959473e-02
1.209922656416893005e-01
4.660772904753684998e-02
-3.629807382822036743e-02
-1.407204940915107727e-02
1.710038036108016968e-01
-6.051194388419389725e-03
5.994046572595834732e-03
-2.675749734044075012e-02
