
3.757768124341964722e-02
2.331531606614589691e-02
4.877320677042007446e-02
-1.315439119935035706e-02
1.563861221075057983e-01
1.231176704168319702e-01
-9.895861148834228516e-03
7.150635123252868652e-02
6.510944664478302002e-02
-4.668374732136726379e-02
1.084259599447250366e-01
7.742758840322494507e-02
1.102515161037445068e-01
1.929527707397937775e-02
8.017107844352722168e-02
2.361196279525756836e-02
7.754225283861160278e-02
5.697552114725112915e-02
4.561434686183929443e-02
1.091675162315368652e-01
6.846320629119873047e-02
-2.487367577850818634e-02
1.807645522058010101e-02
-4.367900639772415161e-02
2.339793427381664515e-04
3.462140634655952454e-02
6.200727540999650955e-03
3.638110682368278503e-02
-1.558566465973854065e-03
-4.967354983091354370e-02
3.232763111591339111e-01
-1.962494663894176483e-02
3.841857984662055969e-02
1.202057600021362305e-01
1.094170957803726196e-01
-5.511941388249397278e-02
1.100637093186378479e-01
-7.153785228729248047e-02
-4.009651020169258118e-03
-5.517211742699146271e-03
4.307696223258972168e-02
5.591660365462303162e-02
2.270407415926456451e-02
-5.660861358046531677e-02
3.197371959686279297e-02
5.856060981750488281e-02
-3.155470639467239380e-02
7.500489801168441772e-02
1.690066233277320862e-02
1.006396487355232239e-01
1.321109831333160400e-01
1.378822419792413712e-02
6.910860538482666016e-02
8.381346613168716431e-02
9.018628299236297607e-02
1.043156683444976807e-01
2.410408109426498413e-02
-1.044530048966407776e-02
1.570441126823425293e-01
-8.385518565773963928e-03
4.527768865227699280e-02
2.688106000423431396e-01
4.624177142977714539e-02
1.614461094141006470e-01
-8.971120230853557587e-03
7.499357219785451889e-03
5.900450982153415680e-03
-2.373244240880012512e-02
5.561739951372146606e-02
7.361987978219985962e-02
-1.262773759663105011e-02
9.596269577741622925e-02
6.562666036188602448e-03
2.397874742746353149e-01
-7.634565234184265137e-02
5.059090256690979004e-02
-1.487035397440195084e-02
-1.696495153009891510e-02
6.167984753847122192e-02
8.907533437013626099e-02
-1.601230353116989136e-02
6.030943244695663452e-02
9.997600317001342773e-02
9.377695620059967041e-02
1.197094544768333435e-01
-7.129516452550888062e-03
1.575946807861328125e-01
1.170995831489562988e-01
4.329973086714744568e-02
3.101913258433341980e-03
4.347315803170204163e-02
-1.440301630645990372e-02
2.501480281352996826e-02
3.803699743002653122e-03
3.579669818282127380e-02
-2.049934864044189453e-02
4.414340853691101074e-02
1.193792596459388733e-01
-7.779742777347564697e-02
8.299183100461959839e-02
-1.096459198743104935e-02
6.940965075045824051e-03
9.363926202058792114e-02
2.119617909193038940e-02
3.538101539015769958e-02
5.990421772003173828e-02
8.374882489442825317e-02
1.611726284027099609e-01
3.941757231950759888e-02
4.388065636157989502e-02
-4.466985538601875305e-02
7.576420158147811890e-02
2.540592476725578308e-02
1.076976284384727478e-01
-2.264162711799144745e-02
-7.517478615045547485e-02
1.165886819362640381e-01
4.078091308474540710e-02
6.544055044651031494e-02
-7.986123859882354736e-02
-5.346228927373886108e-02
1.350341588258743286e-01
-8.230035193264484406e-03
8.718772977590560913e-02
6.228711456060409546e-02
-7.360351830720901489e-02
-6.415312737226486206e-02
-3.408983722329139709e-02
4.079521819949150085e-02
-1.764321513473987579e-02
1.547589600086212158e-01
4.224486276507377625e-02
5.936316773295402527e-02
-8.936710655689239502e-02
-3.873375803232192993e-02
3.133551031351089478e-02
-1.285804435610771179e-02
9.129206091165542603e-02
-3.700507804751396179e-02
7.268550992012023926e-02
1.264963299036026001e-01
6.187276169657707214e-02
7.487815804779529572e-03
2.129407972097396851e-02
8.530481904745101929e-02
1.160604730248451233e-01
8.071676641702651978e-02
-1.116881296038627625e-01
7.469154894351959229e-02
-4.419604688882827759e-02
3.928038105368614197e-02
-2.149935066699981689e-02
-2.690113335847854614e-02
1.030292455106973648e-02
8.148915320634841919e-02
-9.100455790758132935e-02
5.435004830360412598e-02
-8.820042759180068970e-02
8.829788304865360260e-03
4.336391016840934753e-02
7.132112234830856323e-02
-4.125110059976577759e-02
3.986928611993789673e-02
-6.198925897479057312e-02
-6.018068268895149231e-02
2.012788318097591400e-02
-3.587581915780901909e-03
3.786655515432357788e-02
1.389023265801370144e-03
8.031920343637466431e-02
-3.729549795389175415e-02
-6.326260976493358612e-03
8.304662257432937622e-02
4.928962513804435730e-02
1.266515105962753296e-01
7.763561792671680450e-03
-2.947454154491424561e-02
-7.805264322087168694e-04
6.922237575054168701e-02
1.303621232509613037e-01
1.847902387380599976e-01
1.918209716677665710e-02
-1.499028131365776062e-02
1.100859642028808594e-01
6.899119913578033447e-02
-3.025787882506847382e-04
-1.159616187214851379e-01
5.629430711269378662e-02
4.559472575783729553e-02
3.661182895302772522e-02
5.180996283888816833e-02
4.190071672201156616e-02
3.456992283463478088e-02
-2.126272022724151611e-02
2.034894004464149475e-02
-3.774592187255620956e-03
-7.308222353458404541e-02
3.369295224547386169e-02
9.807112812995910645e-02
7.448104023933410645e-02
-1.376232355833053589e-01
9.873778373003005981e-02
7.384420931339263916e-02
5.823263153433799744e-02
-4.734345898032188416e-02
-2.950342837721109390e-03
7.633972913026809692e-03
3.938076272606849670e-02
6.299252063035964966e-02
4.162619821727275848e-03
1.305290907621383667e-01
-7.886021398007869720e-03
9.769800305366516113e-02
1.158210039138793945e-01
1.812430098652839661e-02
-7.632053643465042114e-02
7.112378953024744987e-04
7.997299730777740479e-02
-3.189002349972724915e-02
4.173827171325683594e-02
1.130784489214420319e-02
3.892972320318222046e-02
-1.728207431733608246e-02
-5.586380884051322937e-02
-4.651792114600539207e-04
-1.730234944261610508e-03
-7.813725620508193970e-03
-5.397936794906854630e-03
2.238702261820435524e-03
1.736627146601676941e-02
-1.983776874840259552e-02
-2.580549381673336029e-02
1.091987863183021545e-01
7.002200465649366379e-03
1.100026536732912064e-02
-6.276009231805801392e-02
-3.325091209262609482e-03
2.239182740449905396e-01
1.018865499645471573e-02
-2.822194434702396393e-02
7.381326705217361450e-02
2.916615642607212067e-02
3.135120496153831482e-02
-2.514225244522094727e-02
-1.216935366392135620e-02
1.091220602393150330e-01
-1.748333871364593506e-02
-2.373403310775756836e-02
1.105829924345016479e-01
6.281247735023498535e-02
6.171143800020217896e-02
2.629497088491916656e-02
2.301044203341007233e-02
-2.804434159770607948e-03
1.047542411834001541e-02
-4.649873077869415283e-02
1.215491220355033875e-01
3.677506372332572937e-02
2.870136685669422150e-02
-1.276528090238571167e-01
-1.330020651221275330e-02
1.301743239164352417e-01
1.722043566405773163e-02
1.415604054927825928e-01
-1.063723787665367126e-01
6.093738600611686707e-02
3.229926526546478271e-02
3.376654684543609619e-01
7.695829123258590698e-02
6.410812586545944214e-02
-9.239397943019866943e-02
1.755777746438980103e-01
-7.040268927812576294e-02
1.757828518748283386e-02
-3.756100684404373169e-02
9.566357731819152832e-02
-5.078706890344619751e-02
-2.752585895359516144e-02
-6.195216253399848938e-02
2.957778982818126678e-03
1.065056994557380676e-01
-7.439667731523513794e-02
3.044727817177772522e-02
-1.995591819286346436e-02
4.394083470106124878e-02
5.168689787387847900e-02
4.417865350842475891e-02
7.648830767720937729e-03
8.631488680839538574e-02
9.034942090511322021e-02
5.308759585022926331e-02
5.559709668159484863e-02
6.364137679338455200e-02
5.477649345993995667e-02
-1.246070489287376404e-02
4.544041119515895844e-03
2.739864401519298553e-02
-4.451774433255195618e-02
1.146580874919891357e-01
1.372711639851331711e-02
2.325066551566123962e-02
2.340961946174502373e-03
2.095810603350400925e-03
4.964380525052547455e-03
4.187504202127456665e-02
2.298095077276229858e-02
2.971425279974937439e-02
3.223028033971786499e-02
9.118670225143432617e-02
-5.367657914757728577e-02
7.123903185129165649e-02
8.891929872334003448e-03
7.421340048313140869e-02
1.418587863445281982e-01
-8.392871171236038208e-02
9.214222431182861328e-02
8.633705228567123413e-02
7.902923226356506348e-02
4.391921311616897583e-02
1.968093775212764740e-02
-2.775338292121887207e-02
1.155032366514205933e-01
1.583609282970428467e-01
-8.542589098215103149e-02
8.246798068284988403e-03
5.859230179339647293e-03
9.325436502695083618e-02
-4.555066674947738647e-02
9.267647564411163330e-02
1.157529652118682861e-01
-2.975780330598354340e-02
-2.866574004292488098e-02
-1.529261469841003418e-02
2.708792500197887421e-02
-1.460337545722723007e-02
-2.502295002341270447e-02
3.277911990880966187e-02
8.657864481210708618e-02
2.883629873394966125e-03
4.494271427392959595e-02
1.091951783746480942e-02
5.431902408599853516e-02
-7.343955338001251221e-03
6.120543554425239563e-02
9.585662931203842163e-02
9.735077619552612305e-02
1.420836802572011948e-02
-1.695050299167633057e-02
-1.497134286910295486e-02
-5.625026766210794449e-03
4.466617107391357422e-02
7.968367636203765869e-02
-1.169569138437509537e-02
8.776035159826278687e-02
-4.117239266633987427e-02
5.754346400499343872e-02
3.296204656362533569e-02
-1.904467307031154633e-02
-2.897804044187068939e-02
-2.392470464110374451e-02
9.703967720270156860e-02
4.756985232234001160e-02
7.769238203763961792e-02
-2.593473531305789948e-02
2.600977383553981781e-02
7.360136508941650391e-02
6.406945735216140747e-02
4.280206561088562012e-02
1.268561035394668579e-01
1.595795899629592896e-01
8.839574456214904785e-02
-5.423099268227815628e-03
2.633877098560333252e-02
1.856829598546028137e-02
6.538826972246170044e-02
1.099751889705657959e-02
6.887885183095932007e-02
5.744129791855812073e-02
5.933334678411483765e-02
5.489455908536911011e-02
6.094513460993766785e-02
8.596443384885787964e-02
2.027705460786819458e-01
4.290831834077835083e-02
7.979305088520050049e-02
9.530346095561981201e-02
-1.284478791058063507e-02
-1.049030944705009460e-02
1.733220368623733521e-02
-5.246747657656669617e-02
-3.191393241286277771e-02
4.930302500724792480e-02
2.714794827625155449e-03
1.623908281326293945e-01
1.200863346457481384e-01
1.268041431903839111e-01
-5.883314087986946106e-02
1.530222445726394653e-01
5.098785832524299622e-02
-1.868429034948348999e-02
6.009870395064353943e-02
5.238719657063484192e-02
-7.518644630908966064e-02
1.649929955601692200e-02
-5.401647835969924927e-02
3.614616580307483673e-04
8.464498817920684814e-02
-1.957908831536769867e-02
5.589032173156738281e-02
4.406948387622833252e-02
-4.932883009314537048e-02
6.252719461917877197e-02
8.780132047832012177e-03
-4.181244585197418928e-04
1.235704310238361359e-02
-3.789706528186798096e-02
-6.561768054962158203e-02
-2.170265838503837585e-02
6.128694489598274231e-02
-2.766639553010463715e-02
-2.719732373952865601e-02
8.206119760870933533e-03
6.855046749114990234e-02
-3.782689198851585388e-02
-4.827861860394477844e-02
-2.739931643009185791e-02
-3.264788910746574402e-02
-3.153402823954820633e-03
8.872752636671066284e-02
1.066315546631813049e-01
3.649496659636497498e-02
1.621010005474090576e-01
-4.194010794162750244e-02
-1.079823821783065796e-01
4.457752034068107605e-02
5.778273195028305054e-02
2.231852561235427856e-01
-3.655987977981567383e-02
-1.037409529089927673e-02
7.375433295965194702e-02
-5.211522337049245834e-03
-1.001830995082855225e-01
9.832826443016529083e-03
-1.425856500864028931e-01
-2.240553684532642365e-02
8.606069535017013550e-02
8.352218568325042725e-02
-4.142831265926361084e-02
-6.317014992237091064e-02
4.497851186897605658e-04
1.119074672460556030e-01
3.427193267270922661e-03
4.706289619207382202e-02
-6.429796665906906128e-02
6.846846640110015869e-02
-4.965689033269882202e-03
-7.056777365505695343e-03
9.944439865648746490e-03
1.104560717940330505e-01
6.951491534709930420e-02
2.070457190275192261e-01
2.158349566161632538e-02
-8.140406012535095215e-02
5.665822327136993408e-02
3.214058876037597656e-01
1.336680073291063309e-02
4.547477886080741882e-02
3.441199287772178650e-02
2.478660270571708679e-02
-1.983594745397567749e-01
5.162678658962249756e-02
8.083984255790710449e-02
3.988436609506607056e-02
-6.380910519510507584e-03
1.495230104774236679e-02
8.167622238397598267e-02
1.532348096370697021e-01
5.129441618919372559e-02
3.501280676573514938e-03
1.354196202009916306e-02
4.137219488620758057e-02
1.526838988065719604e-01
-3.005476295948028564e-02
3.438272699713706970e-02
3.847460448741912842e-02
-2.304453402757644653e-02
1.397138088941574097e-01
1.054732277989387512e-01
1.985473744571208954e-02
9.143047034740447998e-02
7.074731984175741673e-04
-8.165471255779266357e-03
4.247660189867019653e-02
1.283192932605743408e-01
2.555439621210098267e-02
2.280706167221069336e-02
-3.575262427330017090e-02
-2.448634244501590729e-02
1.944046840071678162e-02
-1.580987684428691864e-02
-9.378561377525329590e-02
4.627247154712677002e-02
3.187351673841476440e-02
-1.165032479912042618e-02
1.634842753410339355e-01
5.404902994632720947e-02
-9.967377409338951111e-03
2.605039626359939575e-03
-7.919379323720932007e-02
7.228316366672515869e-02
-1.290311664342880249e-01
5.372257158160209656e-02
