
-4.577765986323356628e-02
6.440781056880950928e-02
-3.136865794658660889e-02
8.691754192113876343e-02
1.278506964445114136e-01
2.461689412593841553e-01
1.640896052122116089e-01
2.397937625646591187e-01
2.216484695672988892e-01
1.424619704484939575e-01
3.313177078962326050e-02
1.495557129383087158e-01
1.155041344463825226e-02
-1.851602864917367697e-04
2.701431512832641602e-01
2.446102201938629150e-01
2.735075354576110840e-01
2.714202404022216797e-01
2.701113522052764893e-01
2.702796161174774170e-01
2.216413021087646484e-01
1.895390599966049194e-01
3.979308996349573135e-03
6.151862815022468567e-02
3.654742538928985596e-01
2.177941203117370605e-01
1.400797218084335327e-01
2.269179560244083405e-02
-1.471420098096132278e-02
6.562144309282302856e-02
3.140622973442077637e-01
-7.705001533031463623e-02
1.046243533492088318e-01
2.099329829216003418e-01
-7.410030066967010498e-02
-8.588019013404846191e-02
1.365226805210113525e-01
2.366398125886917114e-01
3.010514751076698303e-02
-3.681604284793138504e-03
7.659109309315681458e-03
3.066434860229492188e-01
1.302302032709121704e-01
4.160700831562280655e-03
2.705580890178680420e-01
2.520750761032104492e-01
2.890469729900360107e-01
1.273026466369628906e-01
2.807639837265014648e-01
-4.476455971598625183e-02
-4.235722497105598450e-02
6.255992501974105835e-02
1.001866087317466736e-01
-9.962353855371475220e-02
1.017619520425796509e-01
2.369929403066635132e-01
7.842247933149337769e-02
1.283199340105056763e-01
1.139297932386398315e-01
-1.317453105002641678e-02
-1.038347706198692322e-01
2.286110967397689819e-01
9.195383638143539429e-02
6.514791399240493774e-02
1.967681497335433960e-01
7.153655588626861572e-02
2.619832456111907959e-01
-6.418952345848083496e-02
4.960754886269569397e-02
-6.166256219148635864e-02
1.324801892042160034e-01
9.023181349039077759e-02
1.032493636012077332e-01
2.268063724040985107e-01
-3.350343555212020874e-02
-1.792206317186355591e-01
2.018093168735504150e-01
5.230389162898063660e-02
1.774098426103591919e-01
2.167986333370208740e-01
1.281961649656295776e-01
1.614386588335037231e-01
1.637613177299499512e-01
3.588440418243408203e-01
-5.222310870885848999e-02
2.111720144748687744e-01
1.462650746107101440e-01
1.039281785488128662e-01
2.368980646133422852e-01
-1.758915744721889496e-02
1.418786346912384033e-01
-1.567637324333190918e-01
5.507703498005867004e-02
1.791995763778686523e-01
1.953006684780120850e-01
4.975754395127296448e-02
1.464786529541015625e-01
1.505797207355499268e-01
4.932105913758277893e-02
2.242560088634490967e-01
2.800440602004528046e-02
4.634406045079231262e-02
5.464240908622741699e-02
3.217601776123046875e-01
-2.309457398951053619e-02
5.144290160387754440e-03
2.240174263715744019e-02
1.944874376058578491e-01
-9.547225199639797211e-03
2.565070092678070068e-01
1.377244889736175537e-01
2.876679301261901855e-01
-9.469277574680745602e-04
-8.935272693634033203e-03
7.226797193288803101e-02
1.960268616676330566e-02
2.565205395221710205e-01
-3.678533434867858887e-02
3.289015963673591614e-02
2.673605978488922119e-01
-1.056031733751296997e-01
3.715114202350378036e-03
2.806813120841979980e-01
-8.938355743885040283e-02
6.679128110408782959e-02
3.166792094707489014e-01
9.598574042320251465e-02
1.315203160047531128e-01
