
-7.435886561870574951e-02
-7.821423001587390900e-03
1.998580694198608398e-01
5.862509831786155701e-02
2.523794583976268768e-02
1.125406287610530853e-02
1.316723078489303589e-01
9.022428095340728760e-02
1.495926827192306519e-01
-3.503984212875366211e-02
6.140301469713449478e-03
-8.111178874969482422e-03
-5.053302273154258728e-03
-1.012261435389518738e-01
-5.199164524674415588e-02
1.398306060582399368e-02
1.072876080870628357e-01
1.858165673911571503e-02
-8.914136886596679688e-02
9.853223711252212524e-02
1.402738392353057861e-01
-2.210219018161296844e-02
2.169045433402061462e-02
-8.713205344974994659e-03
4.805958271026611328e-02
4.820862784981727600e-02
1.463084071874618530e-01
1.215950772166252136e-02
-3.285330533981323242e-02
8.226349949836730957e-02
-7.400401681661605835e-02
7.762862741947174072e-02
3.042004816234111786e-02
-2.720252051949501038e-02
1.555933058261871338e-02
1.183548010885715485e-03
-9.052573889493942261e-02
-1.032957658171653748e-01
-3.652832284569740295e-02
-5.995505675673484802e-02
1.176465675234794617e-01
2.003151178359985352e-02
-1.718188636004924774e-02
3.410158678889274597e-02
-6.835629045963287354e-02
3.903497382998466492e-02
1.338126021437346935e-03
-5.845275521278381348e-02
-1.869450137019157410e-02
-3.102412633597850800e-02
-5.089524760842323303e-02
1.035045017488300800e-03
1.680158078670501709e-02
6.095657125115394592e-02
-5.968980863690376282e-02
7.870343327522277832e-02
1.278072688728570938e-02
8.199580013751983643e-02
-3.290790598839521408e-03
1.051285043358802795e-01
-1.425374206155538559e-02
5.014027655124664307e-02
3.355935623403638601e-04
7.928807288408279419e-02
-4.189677536487579346e-02
8.438062667846679688e-02
-2.048408053815364838e-02
-5.146047100424766541e-03
5.634664371609687805e-02
4.632983729243278503e-02
4.955970868468284607e-02
-6.121939420700073242e-02
1.224917471408843994e-01
6.752637028694152832e-02
4.257842153310775757e-02
1.589444726705551147e-01
3.331259265542030334e-02
-3.516749292612075806e-02
2.658830210566520691e-02
1.727855391800403595e-02
-1.551451423438265920e-04
-2.778943814337253571e-02
-5.920417606830596924e-02
7.751841843128204346e-02
1.108696535229682922e-01
5.675135180354118347e-02
2.832658030092716217e-02
-1.531567275524139404e-01
-4.652561619877815247e-02
-2.830890007317066193e-02
-2.229082211852073669e-02
1.969097927212715149e-02
5.580213852226734161e-03
4.270543903112411499e-02
-1.021497771143913269e-01
1.148831215687096119e-03
-9.668058156967163086e-02
-8.413234353065490723e-02
6.235596910119056702e-02
1.095611080527305603e-01
7.006918080151081085e-03
-5.500298738479614258e-02
-4.918494075536727905e-02
-1.761477813124656677e-02
-2.400043606758117676e-02
8.587636053562164307e-02
5.701809003949165344e-02
1.397708356380462646e-01
-9.419640153646469116e-02
1.725587248802185059e-01
1.549255847930908203e-02
-2.443868294358253479e-02
5.994741991162300110e-02
8.235801756381988525e-02
1.268133753910660744e-03
-6.254169158637523651e-03
1.586741507053375244e-01
5.763647332787513733e-02
1.746095716953277588e-02
1.496411561965942383e-01
-8.725008927285671234e-03
-2.416000515222549438e-02
4.935576114803552628e-03
7.582347095012664795e-02
-1.687480658292770386e-01
-4.256290569901466370e-02
-5.204742029309272766e-02
-1.548698693513870239e-01
-6.915777176618576050e-02
-7.062678784132003784e-02
4.568750038743019104e-02
-3.207600116729736328e-02
-2.009789645671844482e-01
-1.416683197021484375e-01
7.839287817478179932e-02
3.819316253066062927e-02
-8.140758611261844635e-03
-3.034412860870361328e-02
-2.737235277891159058e-03
1.043694652616977692e-02
3.724865242838859558e-02
-7.184543181210756302e-03
7.877546548843383789e-02
2.329735830426216125e-02
4.126957803964614868e-02
1.189905777573585510e-01
7.353829592466354370e-02
5.696576554328203201e-03
9.873668104410171509e-02
1.874267123639583588e-02
1.036740019917488098e-01
-6.639286410063505173e-03
-2.620029821991920471e-02
3.029889613389968872e-02
1.464758440852165222e-02
9.100940078496932983e-02
-7.527186721563339233e-02
2.634374238550662994e-02
1.660830378532409668e-01
-4.939653351902961731e-02
-9.305229759775102139e-04
3.643953800201416016e-02
-4.389345273375511169e-02
6.488579511642456055e-02
-2.947380766272544861e-02
9.189327061176300049e-02
-3.090580552816390991e-02
2.835622429847717285e-02
2.827707212418317795e-03
-3.299186378717422485e-02
5.853432789444923401e-02
-5.043715238571166992e-02
-3.627662360668182373e-02
-4.323076456785202026e-02
-6.578075140714645386e-02
-3.666722774505615234e-02
-2.419194579124450684e-02
-6.044584512710571289e-02
5.606941506266593933e-02
3.486719215288758278e-03
1.313775628805160522e-01
-5.676153302192687988e-02
-3.715949133038520813e-02
3.777758404612541199e-02
1.129822656512260437e-01
4.221957549452781677e-02
6.631535291671752930e-02
-4.671353474259376526e-02
-9.429661184549331665e-02
-9.687278419733047485e-03
-1.337191741913557053e-02
1.707981824874877930e-01
-2.221017703413963318e-02
-1.396983023732900620e-02
9.838645160198211670e-02
4.943684488534927368e-02
7.700767368078231812e-02
1.011499762535095215e-02
-9.578283131122589111e-02
4.990442097187042236e-02
-1.550918444991111755e-02
8.295172452926635742e-02
1.271485537290573120e-02
-2.469063922762870789e-02
6.825642287731170654e-02
9.565331041812896729e-02
2.051277309656143188e-01
-1.885229162871837616e-02
-6.216089706867933273e-03
3.394890204071998596e-02
-1.583466865122318268e-02
6.979003548622131348e-02
9.695095568895339966e-02
1.382345855236053467e-01
4.952153190970420837e-03
5.399443581700325012e-02
-9.619659744203090668e-03
4.537985846400260925e-02
1.252751648426055908e-01
6.282901391386985779e-03
1.963057741522789001e-02
-1.465172879397869110e-02
-4.269392043352127075e-02
-5.987631157040596008e-02
-4.930839687585830688e-02
-9.136768989264965057e-03
7.500480860471725464e-02
1.194042712450027466e-01
4.215644672513008118e-02
-3.569781035184860229e-02
6.229630485177040100e-02
-5.569887533783912659e-02
-8.983519859611988068e-03
4.676708579063415527e-02
1.155538111925125122e-01
1.548857544548809528e-03
-6.531476229429244995e-02
-2.761880867183208466e-03
-2.887373790144920349e-02
3.494961261749267578e-01
1.327593177556991577e-01
7.412479072809219360e-02
9.064686484634876251e-03
8.580065332353115082e-04
2.357544191181659698e-02
-3.430795669555664062e-02
5.425320565700531006e-02
3.144952654838562012e-02
3.939432557672262192e-03
6.625992804765701294e-02
8.037451654672622681e-02
-2.911635488271713257e-02
-1.986910402774810791e-02
5.250352248549461365e-02
-4.464494064450263977e-02
-2.786399237811565399e-02
