0	318.21
1	318.21
2	318.20
3	318.20
4	318.20
5	318.20
6	318.21
7	318.21
8	318.21
9	318.20
10	318.20
11	318.20
12	318.21
13	318.21
14	318.21
15	318.21
16	318.21
17	318.21
18	318.21
19	318.21
20	318.21
21	318.21
22	318.21
23	318.21
24	318.21
25	318.21
26	318.21
27	318.21
28	318.21
29	318.21
30	318.21
31	318.21
32	318.21
33	318.21
34	318.21
35	318.21
36	318.21
37	318.21
38	318.21
39	318.21
40	318.21
41	318.21
42	318.21
43	318.21
44	318.21
45	318.21
46	318.21
47	318.21
48	318.20
49	318.20
50	318.20
51	318.21
52	318.21
53	318.20
54	318.20
55	318.20
56	318.20
57	318.20
58	318.20
59	318.20
60	318.20
61	318.20
62	318.20
63	318.20
64	318.21
65	318.21
66	318.21
67	318.20
68	318.20
69	318.21
70	318.21
71	318.21
72	318.21
73	318.21
74	318.21
75	318.21
76	318.21
77	318.21
78	318.21
79	318.21
80	318.21
81	318.21
82	318.21
83	318.21
84	318.21
85	318.21
86	318.21
87	318.21
88	318.21
89	318.21
90	318.21
91	318.21
92	318.21
93	318.21
94	318.21
95	318.21
96	318.21
97	318.21
98	318.21
99	318.21
100	318.21
101	318.21
102	318.21
103	318.21
104	318.21
105	318.21
106	318.21
107	318.21
108	318.21
109	318.21
110	318.21
111	318.21
112	318.21
113	318.21
114	318.21
115	318.21
116	318.21
117	318.21
118	318.20
119	318.20
120	318.20
121	318.20
122	318.20
123	318.20
124	318.20
125	318.20
126	318.20
127	318.20
128	318.21
129	318.21
130	318.21
131	318.21
132	318.21
133	318.21
134	318.21
135	318.21
136	318.21
137	318.21
138	318.21
139	318.21
140	318.21
141	318.21
142	318.21
143	318.21
144	318.21
145	318.21
146	318.21
147	318.21
148	318.21
149	318.21
150	318.21
151	318.21
152	318.21
153	318.21
154	318.21
155	318.21
156	318.21
157	318.21
158	318.21
159	318.21
160	318.21
161	318.21
162	318.21
163	318.21
164	318.21
165	318.21
166	318.21
167	318.21
168	318.21
169	318.21
170	318.21
171	318.21
172	318.21
173	318.21
174	318.21
175	318.21
176	318.21
177	318.21
178	318.21
179	318.21
180	318.21
181	318.21
182	318.21
183	318.21
184	318.21
185	318.21
186	318.21
187	318.21
188	318.20
189	318.20
190	318.20
191	318.20
192	318.21
193	318.21
194	318.21
195	318.21
196	318.21
197	318.21
198	318.21
199	318.21
200	318.21
201	318.21
202	318.21
203	318.21
204	318.21
205	318.21
206	318.21
207	318.21
208	318.21
209	318.21
210	318.21
211	318.21
212	318.21
213	318.21
214	318.21
215	318.21
216	318.21
217	318.21
218	318.21
219	318.21
220	318.21
221	318.21
222	318.21
223	318.21
224	318.21
225	318.21
226	318.21
227	318.21
228	318.21
229	318.21
230	318.21
231	318.21
232	318.21
233	318.21
234	318.21
235	318.21
236	318.21
237	318.21
238	318.21
239	318.21
240	318.21
241	318.21
242	318.21
243	318.21
244	318.21
245	318.21
246	318.21
247	318.21
248	318.21
249	318.21
250	318.21
251	318.21
252	318.21
253	318.20
254	318.20
255	318.20
256	318.22
257	318.22
258	318.21
259	318.21
260	318.21
261	318.21
262	318.21
263	318.22
264	318.21
265	318.21
266	318.21
267	318.21
268	318.21
269	318.22
270	318.22
271	318.21
272	318.21
273	318.21
274	318.21
275	318.22
276	318.22
277	318.21
278	318.21
279	318.21
280	318.21
281	318.21
282	318.22
283	318.22
284	318.21
285	318.21
286	318.21
287	318.21
288	318.22
289	318.22
290	318.21
291	318.21
292	318.21
293	318.21
294	318.21
295	318.22
296	318.22
297	318.21
298	318.21
299	318.21
300	318.21
301	318.22
302	318.22
303	318.21
304	318.21
305	318.21
306	318.21
307	318.21
308	318.22
309	318.21
310	318.21
311	318.21
312	318.21
313	318.21
314	318.21
315	318.21
316	318.21
317	318.21
318	318.20
319	318.20
320	318.22
321	318.22
322	318.21
323	318.21
324	318.21
325	318.21
326	318.22
327	318.22
328	318.22
329	318.21
330	318.21
331	318.21
332	318.21
333	318.22
334	318.22
335	318.21
336	318.21
337	318.21
338	318.21
339	318.22
340	318.22
341	318.22
342	318.21
343	318.21
344	318.21
345	318.22
346	318.22
347	318.22
348	318.21
349	318.21
350	318.21
351	318.21
352	318.22
353	318.22
354	318.22
355	318.21
356	318.21
357	318.21
358	318.22
359	318.22
360	318.22
361	318.21
362	318.21
363	318.21
364	318.21
365	318.22
366	318.22
367	318.21
368	318.21
369	318.21
370	318.21
371	318.22
372	318.22
373	318.21
374	318.21
375	318.21
376	318.21
377	318.21
378	318.22
379	318.22
380	318.21
381	318.21
382	318.20
383	318.20
384	318.22
385	318.22
386	318.21
387	318.21
388	318.21
389	318.21
390	318.21
391	318.21
392	318.21
393	318.21
394	318.21
395	318.21
396	318.21
397	318.22
398	318.22
399	318.21
400	318.21
401	318.21
402	318.21
403	318.22
404	318.22
405	318.21
406	318.21
407	318.21
408	318.21
409	318.21
410	318.22
411	318.22
412	318.21
413	318.21
414	318.21
415	318.21
416	318.22
417	318.22
418	318.21
419	318.21
420	318.21
421	318.21
422	318.21
423	318.22
424	318.21
425	318.21
426	318.21
427	318.21
428	318.21
429	318.22
430	318.22
431	318.21
432	318.21
433	318.21
434	318.21
435	318.21
436	318.21
437	318.21
438	318.21
439	318.21
440	318.21
441	318.21
442	318.21
443	318.21
444	318.21
445	318.21
446	318.21
447	318.20
448	318.21
449	318.21
450	318.21
451	318.21
452	318.21
453	318.21
454	318.21
455	318.21
456	318.21
457	318.21
458	318.21
459	318.21
460	318.21
461	318.21
462	318.21
463	318.21
464	318.21
465	318.21
466	318.21
467	318.21
468	318.21
469	318.21
470	318.21
471	318.21
472	318.21
473	318.21
474	318.21
475	318.21
476	318.21
477	318.21
478	318.21
479	318.21
480	318.21
481	318.21
482	318.21
483	318.21
484	318.21
485	318.21
486	318.21
487	318.21
488	318.21
489	318.21
490	318.21
491	318.21
492	318.21
493	318.21
494	318.21
495	318.21
496	318.21
497	318.21
498	318.21
499	318.21
500	318.21
501	318.21
502	318.21
503	318.21
504	318.21
505	318.21
506	318.21
507	318.21
508	318.21
509	318.21
510	318.21
511	318.20
512	318.21
513	318.21
514	318.21
515	318.21
516	318.21
517	318.21
518	318.21
519	318.21
520	318.21
521	318.21
522	318.21
523	318.21
524	318.21
525	318.21
526	318.21
527	318.21
528	318.21
529	318.21
530	318.21
531	318.21
532	318.21
533	318.21
534	318.21
535	318.21
536	318.21
537	318.21
538	318.21
539	318.21
540	318.21
541	318.21
542	318.21
543	318.21
544	318.21
545	318.21
546	318.21
547	318.21
548	318.21
549	318.21
550	318.21
551	318.21
552	318.21
553	318.21
554	318.21
555	318.21
556	318.21
557	318.21
558	318.21
559	318.21
560	318.21
561	318.21
562	318.21
563	318.21
564	318.21
565	318.21
566	318.21
567	318.21
568	318.21
569	318.21
570	318.21
571	318.21
572	318.21
573	318.21
574	318.21
575	318.21
576	318.21
577	318.21
578	318.21
579	318.21
580	318.21
581	318.21
582	318.21
583	318.21
584	318.21
585	318.21
586	318.21
587	318.21
588	318.21
589	318.21
590	318.21
591	318.21
592	318.21
593	318.21
594	318.21
595	318.21
596	318.21
597	318.21
598	318.21
599	318.21
600	318.21
601	318.21
602	318.21
603	318.21
604	318.21
605	318.21
606	318.21
607	318.21
608	318.21
609	318.21
610	318.21
611	318.21
612	318.21
613	318.21
614	318.21
615	318.21
616	318.21
617	318.21
618	318.21
619	318.21
620	318.21
621	318.21
622	318.21
623	318.21
624	318.21
625	318.21
626	318.21
627	318.21
628	318.21
629	318.21
630	318.21
631	318.21
632	318.21
633	318.21
634	318.21
635	318.21
636	318.21
637	318.21
638	318.21
639	318.21
640	318.22
641	318.22
642	318.21
643	318.21
644	318.21
645	318.21
646	318.21
647	318.22
648	318.21
649	318.21
650	318.21
651	318.21
652	318.21
653	318.22
654	318.22
655	318.21
656	318.21
657	318.21
658	318.21
659	318.22
660	318.22
661	318.21
662	318.21
663	318.21
664	318.21
665	318.21
666	318.22
667	318.22
668	318.21
669	318.21
670	318.21
671	318.21
672	318.22
673	318.22
674	318.21
675	318.21
676	318.21
677	318.21
678	318.22
679	318.22
680	318.22
681	318.21
682	318.21
683	318.21
684	318.21
685	318.22
686	318.22
687	318.21
688	318.21
689	318.21
690	318.21
691	318.21
692	318.22
693	318.21
694	318.21
695	318.21
696	318.21
697	318.21
698	318.21
699	318.21
700	318.21
701	318.21
702	318.21
703	318.21
704	318.22
705	318.22
706	318.22
707	318.21
708	318.21
709	318.21
710	318.22
711	318.22
712	318.22
713	318.21
714	318.21
715	318.21
716	318.22
717	318.22
718	318.22
719	318.22
720	318.21
721	318.21
722	318.21
723	318.22
724	318.22
725	318.22
726	318.21
727	318.21
728	318.21
729	318.22
730	318.22
731	318.22
732	318.22
733	318.21
734	318.21
735	318.22
736	318.22
737	318.22
738	318.22
739	318.21
740	318.21
741	318.21
742	318.22
743	318.22
744	318.22
745	318.21
746	318.21
747	318.21
748	318.22
749	318.22
750	318.22
751	318.22
752	318.21
753	318.21
754	318.21
755	318.22
756	318.22
757	318.22
758	318.21
759	318.21
760	318.21
761	318.22
762	318.22
763	318.22
764	318.21
765	318.21
766	318.21
767	318.21
768	318.22
769	318.22
770	318.21
771	318.21
772	318.21
773	318.21
774	318.22
775	318.22
776	318.22
777	318.21
778	318.21
779	318.21
780	318.22
781	318.22
782	318.22
783	318.21
784	318.21
785	318.21
786	318.21
787	318.22
788	318.22
789	318.22
790	318.21
791	318.21
792	318.21
793	318.22
794	318.22
795	318.22
796	318.22
797	318.21
798	318.21
799	318.22
800	318.22
801	318.22
802	318.22
803	318.21
804	318.21
805	318.21
806	318.22
807	318.22
808	318.22
809	318.21
810	318.21
811	318.21
812	318.22
813	318.22
814	318.22
815	318.21
816	318.21
817	318.21
818	318.21
819	318.22
820	318.22
821	318.22
822	318.21
823	318.21
824	318.21
825	318.21
826	318.22
827	318.22
828	318.21
829	318.21
830	318.21
831	318.21
832	318.21
833	318.21
834	318.21
835	318.21
836	318.21
837	318.21
838	318.21
839	318.21
840	318.21
841	318.21
842	318.21
843	318.21
844	318.21
845	318.21
846	318.21
847	318.21
848	318.21
849	318.21
850	318.21
851	318.21
852	318.21
853	318.21
854	318.21
855	318.21
856	318.21
857	318.21
858	318.22
859	318.21
860	318.21
861	318.21
862	318.21
863	318.21
864	318.22
865	318.22
866	318.21
867	318.21
868	318.21
869	318.21
870	318.21
871	318.21
872	318.21
873	318.21
874	318.21
875	318.21
876	318.21
877	318.21
878	318.21
879	318.21
880	318.21
881	318.21
882	318.21
883	318.21
884	318.21
885	318.21
886	318.21
887	318.21
888	318.21
889	318.21
890	318.21
891	318.21
892	318.21
893	318.21
894	318.21
895	318.21
896	318.21
897	318.21
898	318.21
899	318.21
900	318.21
901	318.21
902	318.21
903	318.21
904	318.21
905	318.21
906	318.21
907	318.21
908	318.21
909	318.21
910	318.21
911	318.21
912	318.21
913	318.21
914	318.21
915	318.21
916	318.21
917	318.21
918	318.21
919	318.21
920	318.21
921	318.21
922	318.21
923	318.21
924	318.21
925	318.21
926	318.21
927	318.21
928	318.21
929	318.21
930	318.21
931	318.21
932	318.21
933	318.21
934	318.21
935	318.21
936	318.21
937	318.21
938	318.21
939	318.21
940	318.21
941	318.21
942	318.21
943	318.21
944	318.21
945	318.21
946	318.21
947	318.21
948	318.21
949	318.21
950	318.21
951	318.21
952	318.21
953	318.21
954	318.21
955	318.21
956	318.21
957	318.21
958	318.21
959	318.21
960	318.21
961	318.21
962	318.21
963	318.21
964	318.21
965	318.21
966	318.21
967	318.21
968	318.21
969	318.21
970	318.21
971	318.21
972	318.21
973	318.21
974	318.21
975	318.21
976	318.21
977	318.21
978	318.21
979	318.21
980	318.21
981	318.21
982	318.21
983	318.21
984	318.21
985	318.21
986	318.21
987	318.21
988	318.21
989	318.21
990	318.21
991	318.21
992	318.21
993	318.21
994	318.21
995	318.21
996	318.21
997	318.21
998	318.21
999	318.21
1000	318.21
1001	318.21
1002	318.21
1003	318.21
1004	318.21
1005	318.21
1006	318.21
1007	318.21
1008	318.21
1009	318.21
1010	318.21
1011	318.21
1012	318.21
1013	318.21
1014	318.21
1015	318.21
1016	318.21
1017	318.21
1018	318.21
1019	318.21
1020	318.21
1021	318.21
1022	318.21
1023	318.21
1024	318.21
1025	318.21
1026	318.21
1027	318.21
1028	318.21
1029	318.21
1030	318.21
1031	318.21
1032	318.21
1033	318.21
1034	318.21
1035	318.21
1036	318.21
1037	318.21
1038	318.21
1039	318.21
1040	318.21
1041	318.21
1042	318.21
1043	318.22
1044	318.22
1045	318.21
1046	318.21
1047	318.21
1048	318.21
1049	318.21
1050	318.22
1051	318.22
1052	318.21
1053	318.21
1054	318.21
1055	318.21
1056	318.22
1057	318.22
1058	318.21
1059	318.21
1060	318.21
1061	318.21
1062	318.22
1063	318.22
1064	318.21
1065	318.21
1066	318.21
1067	318.21
1068	318.21
1069	318.22
1070	318.21
1071	318.21
1072	318.21
1073	318.21
1074	318.21
1075	318.21
1076	318.21
1077	318.21
1078	318.21
1079	318.21
1080	318.21
1081	318.21
1082	318.21
1083	318.21
1084	318.21
1085	318.21
1086	318.21
1087	318.21
1088	318.22
1089	318.22
1090	318.22
1091	318.21
1092	318.21
1093	318.21
1094	318.22
1095	318.22
1096	318.22
1097	318.21
1098	318.21
1099	318.21
1100	318.22
1101	318.22
1102	318.22
1103	318.22
1104	318.21
1105	318.21
1106	318.22
1107	318.22
1108	318.22
1109	318.22
1110	318.22
1111	318.21
1112	318.22
1113	318.22
1114	318.22
1115	318.22
1116	318.22
1117	318.21
1118	318.21
1119	318.22
1120	318.22
1121	318.22
1122	318.22
1123	318.22
1124	318.21
1125	318.22
1126	318.22
1127	318.22
1128	318.22
1129	318.22
1130	318.21
1131	318.21
1132	318.22
1133	318.22
1134	318.22
1135	318.22
1136	318.21
1137	318.21
1138	318.21
1139	318.22
1140	318.22
1141	318.22
1142	318.21
1143	318.21
1144	318.21
1145	318.22
1146	318.22
1147	318.22
1148	318.21
1149	318.21
1150	318.21
1151	318.21
1152	318.22
1153	318.22
1154	318.22
1155	318.21
1156	318.21
1157	318.21
1158	318.22
1159	318.22
1160	318.22
1161	318.21
1162	318.21
1163	318.21
1164	318.22
1165	318.22
1166	318.22
1167	318.22
1168	318.21
1169	318.21
1170	318.22
1171	318.22
1172	318.22
1173	318.22
1174	318.22
1175	318.21
1176	318.22
1177	318.22
1178	318.22
1179	318.22
1180	318.22
1181	318.21
1182	318.21
1183	318.22
1184	318.22
1185	318.22
1186	318.22
1187	318.22
1188	318.21
1189	318.22
1190	318.22
1191	318.22
1192	318.22
1193	318.22
1194	318.21
1195	318.21
1196	318.22
1197	318.22
1198	318.22
1199	318.22
1200	318.21
1201	318.21
1202	318.21
1203	318.22
1204	318.22
1205	318.22
1206	318.21
1207	318.21
1208	318.21
1209	318.22
1210	318.22
1211	318.22
1212	318.21
1213	318.21
1214	318.21
1215	318.21
1216	318.22
1217	318.22
1218	318.21
1219	318.21
1220	318.21
1221	318.21
1222	318.21
1223	318.22
1224	318.21
1225	318.21
1226	318.21
1227	318.21
1228	318.21
1229	318.22
1230	318.22
1231	318.21
1232	318.21
1233	318.21
1234	318.21
1235	318.22
1236	318.22
1237	318.22
1238	318.21
1239	318.21
1240	318.21
1241	318.22
1242	318.22
1243	318.22
1244	318.22
1245	318.21
1246	318.21
1247	318.22
1248	318.22
1249	318.22
1250	318.22
1251	318.21
1252	318.21
1253	318.21
1254	318.22
1255	318.22
1256	318.22
1257	318.21
1258	318.21
1259	318.21
1260	318.22
1261	318.22
1262	318.22
1263	318.21
1264	318.21
1265	318.21
1266	318.21
1267	318.22
1268	318.22
1269	318.21
1270	318.21
1271	318.21
1272	318.21
1273	318.21
1274	318.21
1275	318.21
1276	318.21
1277	318.21
1278	318.21
1279	318.21
1280	318.21
1281	318.21
1282	318.21
1283	318.21
1284	318.21
1285	318.21
1286	318.21
1287	318.21
1288	318.21
1289	318.21
1290	318.21
1291	318.21
1292	318.21
1293	318.21
1294	318.21
1295	318.21
1296	318.21
1297	318.21
1298	318.21
1299	318.21
1300	318.21
1301	318.21
1302	318.21
1303	318.21
1304	318.21
1305	318.21
1306	318.22
1307	318.22
1308	318.21
1309	318.21
1310	318.21
1311	318.21
1312	318.22
1313	318.22
1314	318.21
1315	318.21
1316	318.21
1317	318.21
1318	318.21
1319	318.22
1320	318.21
1321	318.21
1322	318.21
1323	318.21
1324	318.21
1325	318.21
1326	318.21
1327	318.21
1328	318.21
1329	318.21
1330	318.21
1331	318.21
1332	318.21
1333	318.21
1334	318.21
1335	318.21
1336	318.21
1337	318.21
1338	318.21
1339	318.21
1340	318.21
1341	318.21
1342	318.21
1343	318.21
1344	318.21
1345	318.21
1346	318.21
1347	318.21
1348	318.21
1349	318.21
1350	318.21
1351	318.21
1352	318.21
1353	318.21
1354	318.21
1355	318.21
1356	318.21
1357	318.21
1358	318.21
1359	318.21
1360	318.21
1361	318.21
1362	318.21
1363	318.21
1364	318.21
1365	318.21
1366	318.21
1367	318.21
1368	318.21
1369	318.21
1370	318.22
1371	318.21
1372	318.21
1373	318.21
1374	318.21
1375	318.21
1376	318.21
1377	318.22
1378	318.21
1379	318.21
1380	318.21
1381	318.21
1382	318.21
1383	318.21
1384	318.21
1385	318.21
1386	318.21
1387	318.21
1388	318.21
1389	318.21
1390	318.21
1391	318.21
1392	318.21
1393	318.21
1394	318.21
1395	318.21
1396	318.21
1397	318.21
1398	318.21
1399	318.21
1400	318.21
1401	318.21
1402	318.21
1403	318.21
1404	318.21
1405	318.21
1406	318.21
1407	318.21
1408	318.21
1409	318.21
1410	318.21
1411	318.21
1412	318.21
1413	318.21
1414	318.21
1415	318.21
1416	318.21
1417	318.21
1418	318.21
1419	318.21
1420	318.21
1421	318.21
1422	318.21
1423	318.21
1424	318.21
1425	318.21
1426	318.21
1427	318.22
1428	318.22
1429	318.22
1430	318.21
1431	318.21
1432	318.21
1433	318.22
1434	318.22
1435	318.22
1436	318.21
1437	318.21
1438	318.21
1439	318.21
1440	318.22
1441	318.22
1442	318.22
1443	318.21
1444	318.21
1445	318.21
1446	318.22
1447	318.22
1448	318.22
1449	318.21
1450	318.21
1451	318.21
1452	318.21
1453	318.22
1454	318.21
1455	318.21
1456	318.21
1457	318.21
1458	318.21
1459	318.21
1460	318.21
1461	318.21
1462	318.21
1463	318.21
1464	318.21
1465	318.21
1466	318.21
1467	318.21
1468	318.21
1469	318.21
1470	318.21
1471	318.21
1472	318.22
1473	318.22
1474	318.21
1475	318.21
1476	318.21
1477	318.21
1478	318.22
1479	318.22
1480	318.22
1481	318.21
1482	318.21
1483	318.21
1484	318.22
1485	318.22
1486	318.22
1487	318.22
1488	318.21
1489	318.21
1490	318.22
1491	318.22
1492	318.22
1493	318.22
1494	318.22
1495	318.21
1496	318.22
1497	318.22
1498	318.22
1499	318.22
1500	318.22
1501	318.22
1502	318.22
1503	318.22
1504	318.22
1505	318.22
1506	318.22
1507	318.22
1508	318.21
1509	318.22
1510	318.22
1511	318.22
1512	318.22
1513	318.22
1514	318.21
1515	318.21
1516	318.22
1517	318.22
1518	318.22
1519	318.22
1520	318.21
1521	318.21
1522	318.21
1523	318.22
1524	318.22
1525	318.22
1526	318.21
1527	318.21
1528	318.21
1529	318.21
1530	318.22
1531	318.22
1532	318.21
1533	318.21
1534	318.21
1535	318.21
1536	318.22
1537	318.22
1538	318.22
1539	318.21
1540	318.21
1541	318.21
1542	318.22
1543	318.22
1544	318.22
1545	318.21
1546	318.21
1547	318.21
1548	318.22
1549	318.22
1550	318.22
1551	318.22
1552	318.21
1553	318.21
1554	318.22
1555	318.22
1556	318.22
1557	318.22
1558	318.22
1559	318.22
1560	318.22
1561	318.22
1562	318.23
1563	318.22
1564	318.22
1565	318.22
1566	318.22
1567	318.22
1568	318.22
1569	318.23
1570	318.22
1571	318.22
1572	318.22
1573	318.22
1574	318.22
1575	318.22
1576	318.22
1577	318.22
1578	318.22
1579	318.22
1580	318.22
1581	318.22
1582	318.22
1583	318.22
1584	318.21
1585	318.21
1586	318.22
1587	318.22
1588	318.22
1589	318.22
1590	318.21
1591	318.21
1592	318.21
1593	318.22
1594	318.22
1595	318.22
1596	318.21
1597	318.21
1598	318.21
1599	318.21
1600	318.22
1601	318.22
1602	318.21
1603	318.21
1604	318.21
1605	318.21
1606	318.22
1607	318.22
1608	318.22
1609	318.21
1610	318.21
1611	318.21
1612	318.22
1613	318.22
1614	318.22
1615	318.22
1616	318.21
1617	318.21
1618	318.22
1619	318.22
1620	318.22
1621	318.22
1622	318.22
1623	318.22
1624	318.22
1625	318.22
1626	318.22
1627	318.22
1628	318.22
1629	318.22
1630	318.22
1631	318.22
1632	318.22
1633	318.22
1634	318.22
1635	318.22
1636	318.22
1637	318.22
1638	318.22
1639	318.22
1640	318.22
1641	318.22
1642	318.21
1643	318.21
1644	318.22
1645	318.22
1646	318.22
1647	318.22
1648	318.21
1649	318.21
1650	318.21
1651	318.22
1652	318.22
1653	318.22
1654	318.21
1655	318.21
1656	318.21
1657	318.21
1658	318.22
1659	318.22
1660	318.21
1661	318.21
1662	318.21
1663	318.21
1664	318.21
1665	318.21
1666	318.21
1667	318.21
1668	318.21
1669	318.21
1670	318.21
1671	318.21
1672	318.21
1673	318.21
1674	318.21
1675	318.21
1676	318.21
1677	318.22
1678	318.22
1679	318.21
1680	318.21
1681	318.21
1682	318.21
1683	318.22
1684	318.22
1685	318.22
1686	318.21
1687	318.21
1688	318.21
1689	318.22
1690	318.22
1691	318.22
1692	318.22
1693	318.21
1694	318.21
1695	318.22
1696	318.22
1697	318.22
1698	318.22
1699	318.21
1700	318.21
1701	318.21
1702	318.22
1703	318.22
1704	318.22
1705	318.21
1706	318.21
1707	318.21
1708	318.21
1709	318.22
1710	318.22
1711	318.21
1712	318.21
1713	318.21
1714	318.21
1715	318.21
1716	318.21
1717	318.21
1718	318.21
1719	318.21
1720	318.21
1721	318.21
1722	318.21
1723	318.21
1724	318.21
1725	318.21
1726	318.21
1727	318.21
1728	318.21
1729	318.21
1730	318.21
1731	318.21
1732	318.21
1733	318.21
1734	318.21
1735	318.21
1736	318.21
1737	318.21
1738	318.21
1739	318.21
1740	318.21
1741	318.21
1742	318.21
1743	318.21
1744	318.21
1745	318.21
1746	318.21
1747	318.21
1748	318.22
1749	318.21
1750	318.21
1751	318.21
1752	318.21
1753	318.22
1754	318.22
1755	318.22
1756	318.21
1757	318.21
1758	318.21
1759	318.21
1760	318.22
1761	318.22
1762	318.21
1763	318.21
1764	318.21
1765	318.21
1766	318.22
1767	318.22
1768	318.21
1769	318.21
1770	318.21
1771	318.21
1772	318.21
1773	318.21
1774	318.21
1775	318.21
1776	318.21
1777	318.21
1778	318.21
1779	318.21
1780	318.21
1781	318.21
1782	318.21
1783	318.21
1784	318.21
1785	318.21
1786	318.21
1787	318.21
1788	318.21
1789	318.21
1790	318.21
1791	318.21
1792	318.21
1793	318.21
1794	318.21
1795	318.21
1796	318.21
1797	318.21
1798	318.21
1799	318.21
1800	318.21
1801	318.21
1802	318.21
1803	318.21
1804	318.21
1805	318.21
1806	318.21
1807	318.21
1808	318.21
1809	318.21
1810	318.21
1811	318.22
1812	318.22
1813	318.22
1814	318.21
1815	318.21
1816	318.21
1817	318.22
1818	318.22
1819	318.22
1820	318.21
1821	318.21
1822	318.21
1823	318.22
1824	318.22
1825	318.22
1826	318.22
1827	318.21
1828	318.21
1829	318.21
1830	318.22
1831	318.22
1832	318.22
1833	318.21
1834	318.21
1835	318.21
1836	318.21
1837	318.21
1838	318.21
1839	318.21
1840	318.21
1841	318.21
1842	318.21
1843	318.21
1844	318.21
1845	318.21
1846	318.21
1847	318.21
1848	318.21
1849	318.21
1850	318.21
1851	318.21
1852	318.21
1853	318.21
1854	318.21
1855	318.21
1856	318.22
1857	318.22
1858	318.21
1859	318.21
1860	318.21
1861	318.21
1862	318.21
1863	318.22
1864	318.21
1865	318.21
1866	318.21
1867	318.21
1868	318.21
1869	318.22
1870	318.22
1871	318.22
1872	318.21
1873	318.21
1874	318.22
1875	318.22
1876	318.22
1877	318.22
1878	318.22
1879	318.21
1880	318.22
1881	318.22
1882	318.22
1883	318.22
1884	318.22
1885	318.22
1886	318.22
1887	318.22
1888	318.22
1889	318.22
1890	318.22
1891	318.22
1892	318.22
1893	318.22
1894	318.22
1895	318.22
1896	318.22
1897	318.22
1898	318.21
1899	318.21
1900	318.22
1901	318.22
1902	318.22
1903	318.21
1904	318.21
1905	318.21
1906	318.21
1907	318.22
1908	318.22
1909	318.21
1910	318.21
1911	318.21
1912	318.21
1913	318.21
1914	318.21
1915	318.21
1916	318.21
1917	318.21
1918	318.21
1919	318.21
1920	318.22
1921	318.22
1922	318.22
1923	318.21
1924	318.21
1925	318.21
1926	318.22
1927	318.22
1928	318.22
1929	318.22
1930	318.21
1931	318.21
1932	318.22
1933	318.22
1934	318.22
1935	318.22
1936	318.22
1937	318.22
1938	318.22
1939	318.22
1940	318.23
1941	318.22
1942	318.22
1943	318.22
1944	318.22
1945	318.22
1946	318.23
1947	318.22
1948	318.22
1949	318.22
1950	318.22
1951	318.22
1952	318.23
1953	318.23
1954	318.22
1955	318.22
1956	318.22
1957	318.22
1958	318.22
1959	318.23
1960	318.22
1961	318.22
1962	318.22
1963	318.22
1964	318.22
1965	318.22
1966	318.22
1967	318.22
1968	318.21
1969	318.21
1970	318.22
1971	318.22
1972	318.22
1973	318.22
1974	318.21
1975	318.21
1976	318.21
1977	318.22
1978	318.22
1979	318.22
1980	318.21
1981	318.21
1982	318.21
1983	318.21
1984	318.22
1985	318.22
1986	318.22
1987	318.21
1988	318.21
1989	318.21
1990	318.22
1991	318.22
1992	318.22
1993	318.22
1994	318.21
1995	318.21
1996	318.22
1997	318.22
1998	318.22
1999	318.22
2000	318.22
2001	318.22
2002	318.22
2003	318.22
2004	318.23
2005	318.22
2006	318.22
2007	318.22
2008	318.22
2009	318.22
2010	318.23
2011	318.22
2012	318.22
2013	318.22
2014	318.22
2015	318.22
2016	318.23
2017	318.23
2018	318.22
2019	318.22
2020	318.22
2021	318.22
2022	318.22
2023	318.23
2024	318.22
2025	318.22
2026	318.22
2027	318.22
2028	318.22
2029	318.22
2030	318.22
2031	318.22
2032	318.21
2033	318.21
2034	318.22
2035	318.22
2036	318.22
2037	318.22
2038	318.21
2039	318.21
2040	318.21
2041	318.22
2042	318.22
2043	318.22
2044	318.21
2045	318.21
2046	318.21
2047	318.21
2048	318.22
2049	318.21
2050	318.21
2051	318.21
2052	318.21
2053	318.21
2054	318.21
2055	318.22
2056	318.21
2057	318.21
2058	318.21
2059	318.21
2060	318.21
2061	318.22
2062	318.22
2063	318.21
2064	318.21
2065	318.21
2066	318.22
2067	318.22
2068	318.22
2069	318.22
2070	318.22
2071	318.21
2072	318.22
2073	318.22
2074	318.22
2075	318.22
2076	318.22
2077	318.22
2078	318.22
2079	318.22
2080	318.22
2081	318.22
2082	318.22
2083	318.22
2084	318.22
2085	318.22
2086	318.22
2087	318.22
2088	318.22
2089	318.22
2090	318.21
2091	318.21
2092	318.22
2093	318.22
2094	318.22
2095	318.21
2096	318.21
2097	318.21
2098	318.21
2099	318.22
2100	318.22
2101	318.21
2102	318.21
2103	318.21
2104	318.21
2105	318.21
2106	318.21
2107	318.21
2108	318.21
2109	318.21
2110	318.21
2111	318.21
2112	318.21
2113	318.21
2114	318.21
2115	318.21
2116	318.21
2117	318.21
2118	318.21
2119	318.21
2120	318.21
2121	318.21
2122	318.21
2123	318.21
2124	318.21
2125	318.21
2126	318.21
2127	318.21
2128	318.21
2129	318.21
2130	318.21
2131	318.22
2132	318.22
2133	318.22
2134	318.21
2135	318.21
2136	318.21
2137	318.22
2138	318.22
2139	318.22
2140	318.21
2141	318.21
2142	318.21
2143	318.22
2144	318.22
2145	318.22
2146	318.22
2147	318.21
2148	318.21
2149	318.21
2150	318.22
2151	318.22
2152	318.22
2153	318.21
2154	318.21
2155	318.21
2156	318.21
2157	318.21
2158	318.21
2159	318.21
2160	318.21
2161	318.21
2162	318.21
2163	318.21
2164	318.21
2165	318.21
2166	318.21
2167	318.21
2168	318.21
2169	318.21
2170	318.21
2171	318.21
2172	318.21
2173	318.21
2174	318.21
2175	318.21
2176	318.21
2177	318.21
2178	318.21
2179	318.21
2180	318.21
2181	318.21
2182	318.21
2183	318.21
2184	318.21
2185	318.21
2186	318.21
2187	318.21
2188	318.21
2189	318.21
2190	318.21
2191	318.21
2192	318.21
2193	318.21
2194	318.21
2195	318.21
2196	318.22
2197	318.21
2198	318.21
2199	318.21
2200	318.21
2201	318.22
2202	318.22
2203	318.22
2204	318.21
2205	318.21
2206	318.21
2207	318.21
2208	318.22
2209	318.22
2210	318.22
2211	318.21
2212	318.21
2213	318.21
2214	318.22
2215	318.22
2216	318.22
2217	318.21
2218	318.21
2219	318.21
2220	318.21
2221	318.21
2222	318.21
2223	318.21
2224	318.21
2225	318.21
2226	318.21
2227	318.21
2228	318.21
2229	318.21
2230	318.21
2231	318.21
2232	318.21
2233	318.21
2234	318.21
2235	318.21
2236	318.21
2237	318.21
2238	318.21
2239	318.21
2240	318.21
2241	318.21
2242	318.21
2243	318.21
2244	318.21
2245	318.21
2246	318.21
2247	318.21
2248	318.21
2249	318.21
2250	318.21
2251	318.21
2252	318.21
2253	318.22
2254	318.22
2255	318.21
2256	318.21
2257	318.21
2258	318.21
2259	318.22
2260	318.22
2261	318.22
2262	318.21
2263	318.21
2264	318.22
2265	318.22
2266	318.22
2267	318.22
2268	318.22
2269	318.21
2270	318.21
2271	318.22
2272	318.22
2273	318.22
2274	318.22
2275	318.22
2276	318.21
2277	318.22
2278	318.22
2279	318.22
2280	318.22
2281	318.21
2282	318.21
2283	318.21
2284	318.22
2285	318.22
2286	318.22
2287	318.21
2288	318.21
2289	318.21
2290	318.21
2291	318.21
2292	318.21
2293	318.21
2294	318.21
2295	318.21
2296	318.21
2297	318.21
2298	318.21
2299	318.21
2300	318.21
2301	318.21
2302	318.21
2303	318.21
2304	318.22
2305	318.22
2306	318.22
2307	318.21
2308	318.21
2309	318.21
2310	318.22
2311	318.22
2312	318.22
2313	318.21
2314	318.21
2315	318.21
2316	318.22
2317	318.22
2318	318.22
2319	318.22
2320	318.21
2321	318.21
2322	318.22
2323	318.22
2324	318.22
2325	318.22
2326	318.22
2327	318.22
2328	318.22
2329	318.22
2330	318.22
2331	318.22
2332	318.22
2333	318.22
2334	318.22
2335	318.22
2336	318.22
2337	318.22
2338	318.22
2339	318.22
2340	318.22
2341	318.22
2342	318.22
2343	318.22
2344	318.22
2345	318.22
2346	318.22
2347	318.22
2348	318.22
2349	318.22
2350	318.22
2351	318.22
2352	318.21
2353	318.21
2354	318.22
2355	318.22
2356	318.22
2357	318.22
2358	318.21
2359	318.21
2360	318.21
2361	318.22
2362	318.22
2363	318.22
2364	318.21
2365	318.21
2366	318.21
2367	318.21
2368	318.22
2369	318.22
2370	318.22
2371	318.21
2372	318.21
2373	318.21
2374	318.22
2375	318.22
2376	318.22
2377	318.22
2378	318.21
2379	318.21
2380	318.22
2381	318.22
2382	318.22
2383	318.22
2384	318.22
2385	318.22
2386	318.22
2387	318.22
2388	318.23
2389	318.22
2390	318.22
2391	318.22
2392	318.22
2393	318.22
2394	318.23
2395	318.22
2396	318.22
2397	318.22
2398	318.22
2399	318.22
2400	318.23
2401	318.23
2402	318.22
2403	318.22
2404	318.22
2405	318.22
2406	318.22
2407	318.23
2408	318.22
2409	318.22
2410	318.22
2411	318.22
2412	318.22
2413	318.22
2414	318.22
2415	318.22
2416	318.21
2417	318.21
2418	318.22
2419	318.22
2420	318.22
2421	318.22
2422	318.21
2423	318.21
2424	318.21
2425	318.22
2426	318.22
2427	318.22
2428	318.21
2429	318.21
2430	318.21
2431	318.21
2432	318.22
2433	318.22
2434	318.21
2435	318.21
2436	318.21
2437	318.21
2438	318.22
2439	318.22
2440	318.22
2441	318.21
2442	318.21
2443	318.21
2444	318.22
2445	318.22
2446	318.22
2447	318.22
2448	318.21
2449	318.21
2450	318.22
2451	318.22
2452	318.22
2453	318.22
2454	318.22
2455	318.22
2456	318.22
2457	318.22
2458	318.22
2459	318.22
2460	318.22
2461	318.22
2462	318.22
2463	318.22
2464	318.22
2465	318.22
2466	318.22
2467	318.22
2468	318.22
2469	318.22
2470	318.22
2471	318.22
2472	318.22
2473	318.22
2474	318.21
2475	318.22
2476	318.22
2477	318.22
2478	318.22
2479	318.22
2480	318.21
2481	318.21
2482	318.21
2483	318.22
2484	318.22
2485	318.22
2486	318.21
2487	318.21
2488	318.21
2489	318.21
2490	318.22
2491	318.21
2492	318.21
2493	318.21
2494	318.21
2495	318.21
2496	318.21
2497	318.21
2498	318.21
2499	318.21
2500	318.21
2501	318.21
2502	318.21
2503	318.21
2504	318.21
2505	318.21
2506	318.21
2507	318.21
2508	318.21
2509	318.22
2510	318.22
2511	318.21
2512	318.21
2513	318.21
2514	318.21
2515	318.22
2516	318.22
2517	318.22
2518	318.21
2519	318.21
2520	318.22
2521	318.22
2522	318.22
2523	318.22
2524	318.22
2525	318.22
2526	318.22
2527	318.22
2528	318.22
2529	318.22
2530	318.22
2531	318.22
2532	318.21
2533	318.22
2534	318.22
2535	318.22
2536	318.22
2537	318.21
2538	318.21
2539	318.21
2540	318.21
2541	318.22
2542	318.22
2543	318.21
2544	318.21
2545	318.21
2546	318.21
2547	318.21
2548	318.21
2549	318.21
2550	318.21
2551	318.21
2552	318.21
2553	318.21
2554	318.21
2555	318.21
2556	318.21
2557	318.21
2558	318.21
2559	318.21
2560	318.21
2561	318.21
2562	318.21
2563	318.21
2564	318.21
2565	318.21
2566	318.21
2567	318.21
2568	318.21
2569	318.21
2570	318.21
2571	318.21
2572	318.21
2573	318.21
2574	318.21
2575	318.21
2576	318.21
2577	318.21
2578	318.21
2579	318.22
2580	318.22
2581	318.21
2582	318.21
2583	318.21
2584	318.21
2585	318.22
2586	318.22
2587	318.22
2588	318.22
2589	318.21
2590	318.21
2591	318.22
2592	318.22
2593	318.22
2594	318.22
2595	318.21
2596	318.21
2597	318.21
2598	318.22
2599	318.22
2600	318.22
2601	318.21
2602	318.21
2603	318.21
2604	318.21
2605	318.21
2606	318.21
2607	318.21
2608	318.21
2609	318.21
2610	318.21
2611	318.21
2612	318.21
2613	318.21
2614	318.21
2615	318.21
2616	318.21
2617	318.21
2618	318.21
2619	318.21
2620	318.21
2621	318.21
2622	318.21
2623	318.21
2624	318.21
2625	318.21
2626	318.21
2627	318.21
2628	318.21
2629	318.21
2630	318.21
2631	318.21
2632	318.21
2633	318.21
2634	318.21
2635	318.21
2636	318.21
2637	318.22
2638	318.22
2639	318.21
2640	318.21
2641	318.21
2642	318.21
2643	318.22
2644	318.22
2645	318.22
2646	318.21
2647	318.21
2648	318.21
2649	318.22
2650	318.22
2651	318.22
2652	318.22
2653	318.21
2654	318.22
2655	318.22
2656	318.22
2657	318.22
2658	318.22
2659	318.22
2660	318.21
2661	318.22
2662	318.22
2663	318.22
2664	318.22
2665	318.21
2666	318.21
2667	318.21
2668	318.21
2669	318.22
2670	318.22
2671	318.21
2672	318.21
2673	318.21
2674	318.21
2675	318.21
2676	318.21
2677	318.21
2678	318.21
2679	318.21
2680	318.21
2681	318.21
2682	318.21
2683	318.21
2684	318.21
2685	318.21
2686	318.21
2687	318.21
2688	318.22
2689	318.22
2690	318.21
2691	318.21
2692	318.21
2693	318.21
2694	318.22
2695	318.22
2696	318.22
2697	318.21
2698	318.21
2699	318.21
2700	318.22
2701	318.22
2702	318.22
2703	318.22
2704	318.21
2705	318.21
2706	318.22
2707	318.22
2708	318.22
2709	318.22
2710	318.22
2711	318.22
2712	318.22
2713	318.22
2714	318.22
2715	318.22
2716	318.22
2717	318.22
2718	318.22
2719	318.22
2720	318.22
2721	318.22
2722	318.22
2723	318.22
2724	318.22
2725	318.22
2726	318.22
2727	318.22
2728	318.22
2729	318.22
2730	318.21
2731	318.21
2732	318.22
2733	318.22
2734	318.22
2735	318.22
2736	318.21
2737	318.21
2738	318.21
2739	318.22
2740	318.22
2741	318.22
2742	318.21
2743	318.21
2744	318.21
2745	318.21
2746	318.22
2747	318.21
2748	318.21
2749	318.21
2750	318.21
2751	318.21
2752	318.23
2753	318.22
2754	318.22
2755	318.21
2756	318.21
2757	318.21
2758	318.22
2759	318.22
2760	318.22
2761	318.22
2762	318.21
2763	318.21
2764	318.22
2765	318.22
2766	318.22
2767	318.22
2768	318.22
2769	318.22
2770	318.22
2771	318.22
2772	318.23
2773	318.22
2774	318.22
2775	318.22
2776	318.22
2777	318.22
2778	318.23
2779	318.22
2780	318.22
2781	318.22
2782	318.22
2783	318.22
2784	318.23
2785	318.23
2786	318.22
2787	318.22
2788	318.22
2789	318.22
2790	318.22
2791	318.23
2792	318.22
2793	318.22
2794	318.22
2795	318.22
2796	318.22
2797	318.22
2798	318.22
2799	318.22
2800	318.21
2801	318.21
2802	318.22
2803	318.22
2804	318.22
2805	318.22
2806	318.21
2807	318.21
2808	318.21
2809	318.22
2810	318.22
2811	318.22
2812	318.21
2813	318.21
2814	318.21
2815	318.21
2816	318.22
2817	318.22
2818	318.22
2819	318.21
2820	318.21
2821	318.21
2822	318.22
2823	318.22
2824	318.22
2825	318.21
2826	318.21
2827	318.21
2828	318.22
2829	318.22
2830	318.22
2831	318.22
2832	318.21
2833	318.21
2834	318.22
2835	318.22
2836	318.22
2837	318.22
2838	318.22
2839	318.22
2840	318.22
2841	318.22
2842	318.22
2843	318.22
2844	318.22
2845	318.22
2846	318.22
2847	318.22
2848	318.22
2849	318.22
2850	318.22
2851	318.22
2852	318.22
2853	318.22
2854	318.22
2855	318.22
2856	318.22
2857	318.22
2858	318.21
2859	318.22
2860	318.22
2861	318.22
2862	318.22
2863	318.22
2864	318.21
2865	318.21
2866	318.22
2867	318.22
2868	318.22
2869	318.22
2870	318.21
2871	318.21
2872	318.21
2873	318.22
2874	318.22
2875	318.22
2876	318.21
2877	318.21
2878	318.21
2879	318.21
2880	318.21
2881	318.21
2882	318.21
2883	318.21
2884	318.21
2885	318.21
2886	318.21
2887	318.21
2888	318.21
2889	318.21
2890	318.21
2891	318.21
2892	318.21
2893	318.22
2894	318.22
2895	318.21
2896	318.21
2897	318.21
2898	318.21
2899	318.22
2900	318.22
2901	318.22
2902	318.21
2903	318.21
2904	318.21
2905	318.22
2906	318.22
2907	318.22
2908	318.22
2909	318.21
2910	318.21
2911	318.22
2912	318.22
2913	318.22
2914	318.22
2915	318.21
2916	318.21
2917	318.21
2918	318.22
2919	318.22
2920	318.22
2921	318.21
2922	318.21
2923	318.21
2924	318.21
2925	318.22
2926	318.22
2927	318.21
2928	318.21
2929	318.21
2930	318.21
2931	318.21
2932	318.21
2933	318.21
2934	318.21
2935	318.21
2936	318.21
2937	318.21
2938	318.21
2939	318.21
2940	318.21
2941	318.21
2942	318.21
2943	318.21
2944	318.21
2945	318.21
2946	318.21
2947	318.21
2948	318.21
2949	318.21
2950	318.21
2951	318.21
2952	318.21
2953	318.21
2954	318.21
2955	318.21
2956	318.21
2957	318.21
2958	318.21
2959	318.21
2960	318.21
2961	318.21
2962	318.21
2963	318.21
2964	318.21
2965	318.21
2966	318.21
2967	318.21
2968	318.21
2969	318.21
2970	318.21
2971	318.21
2972	318.21
2973	318.21
2974	318.21
2975	318.21
2976	318.21
2977	318.21
2978	318.21
2979	318.21
2980	318.21
2981	318.21
2982	318.21
2983	318.21
2984	318.21
2985	318.21
2986	318.21
2987	318.21
2988	318.21
2989	318.21
2990	318.21
2991	318.21
2992	318.21
2993	318.21
2994	318.21
2995	318.21
2996	318.21
2997	318.21
2998	318.21
2999	318.21
3000	318.21
3001	318.21
3002	318.21
3003	318.21
3004	318.21
3005	318.21
3006	318.21
3007	318.21
3008	318.21
3009	318.21
3010	318.21
3011	318.21
3012	318.21
3013	318.21
3014	318.21
3015	318.21
3016	318.21
3017	318.21
3018	318.21
3019	318.21
3020	318.21
3021	318.21
3022	318.21
3023	318.21
3024	318.21
3025	318.21
3026	318.21
3027	318.21
3028	318.21
3029	318.21
3030	318.21
3031	318.21
3032	318.21
3033	318.21
3034	318.21
3035	318.21
3036	318.21
3037	318.21
3038	318.21
3039	318.21
3040	318.21
3041	318.21
3042	318.21
3043	318.21
3044	318.21
3045	318.21
3046	318.21
3047	318.21
3048	318.21
3049	318.21
3050	318.21
3051	318.21
3052	318.21
3053	318.21
3054	318.21
3055	318.21
3056	318.21
3057	318.21
3058	318.21
3059	318.21
3060	318.21
3061	318.21
3062	318.21
3063	318.21
3064	318.21
3065	318.21
3066	318.21
3067	318.21
3068	318.21
3069	318.21
3070	318.21
3071	318.21
3072	318.21
3073	318.21
3074	318.21
3075	318.21
3076	318.21
3077	318.21
3078	318.21
3079	318.21
3080	318.21
3081	318.21
3082	318.21
3083	318.21
3084	318.21
3085	318.21
3086	318.21
3087	318.21
3088	318.21
3089	318.21
3090	318.21
3091	318.22
3092	318.22
3093	318.21
3094	318.21
3095	318.21
3096	318.21
3097	318.21
3098	318.22
3099	318.22
3100	318.21
3101	318.21
3102	318.21
3103	318.21
3104	318.22
3105	318.22
3106	318.21
3107	318.21
3108	318.21
3109	318.21
3110	318.22
3111	318.22
3112	318.22
3113	318.21
3114	318.21
3115	318.21
3116	318.21
3117	318.22
3118	318.22
3119	318.21
3120	318.21
3121	318.21
3122	318.21
3123	318.21
3124	318.21
3125	318.21
3126	318.21
3127	318.21
3128	318.21
3129	318.21
3130	318.21
3131	318.21
3132	318.21
3133	318.21
3134	318.21
3135	318.21
3136	318.22
3137	318.22
3138	318.22
3139	318.21
3140	318.21
3141	318.21
3142	318.22
3143	318.22
3144	318.22
3145	318.21
3146	318.21
3147	318.21
3148	318.22
3149	318.22
3150	318.22
3151	318.22
3152	318.21
3153	318.21
3154	318.22
3155	318.22
3156	318.22
3157	318.22
3158	318.21
3159	318.21
3160	318.21
3161	318.22
3162	318.22
3163	318.22
3164	318.22
3165	318.21
3166	318.21
3167	318.22
3168	318.22
3169	318.22
3170	318.22
3171	318.21
3172	318.21
3173	318.22
3174	318.22
3175	318.22
3176	318.22
3177	318.22
3178	318.21
3179	318.21
3180	318.22
3181	318.22
3182	318.22
3183	318.22
3184	318.21
3185	318.21
3186	318.21
3187	318.22
3188	318.22
3189	318.22
3190	318.21
3191	318.21
3192	318.21
3193	318.22
3194	318.22
3195	318.22
3196	318.21
3197	318.21
3198	318.21
3199	318.21
3200	318.22
3201	318.22
3202	318.22
3203	318.21
3204	318.21
3205	318.21
3206	318.22
3207	318.22
3208	318.22
3209	318.21
3210	318.21
3211	318.21
3212	318.22
3213	318.22
3214	318.22
3215	318.22
3216	318.21
3217	318.21
3218	318.22
3219	318.22
3220	318.22
3221	318.22
3222	318.21
3223	318.21
3224	318.21
3225	318.22
3226	318.22
3227	318.22
3228	318.22
3229	318.21
3230	318.21
3231	318.22
3232	318.22
3233	318.22
3234	318.22
3235	318.21
3236	318.21
3237	318.22
3238	318.22
3239	318.22
3240	318.22
3241	318.22
3242	318.21
3243	318.21
3244	318.22
3245	318.22
3246	318.22
3247	318.22
3248	318.21
3249	318.21
3250	318.21
3251	318.22
3252	318.22
3253	318.22
3254	318.21
3255	318.21
3256	318.21
3257	318.22
3258	318.22
3259	318.22
3260	318.21
3261	318.21
3262	318.21
3263	318.21
3264	318.22
3265	318.21
3266	318.21
3267	318.21
3268	318.21
3269	318.21
3270	318.21
3271	318.21
3272	318.21
3273	318.21
3274	318.21
3275	318.21
3276	318.21
3277	318.22
3278	318.22
3279	318.21
3280	318.21
3281	318.21
3282	318.21
3283	318.22
3284	318.22
3285	318.22
3286	318.21
3287	318.21
3288	318.21
3289	318.22
3290	318.22
3291	318.22
3292	318.21
3293	318.21
3294	318.21
3295	318.21
3296	318.22
3297	318.22
3298	318.21
3299	318.21
3300	318.21
3301	318.21
3302	318.22
3303	318.22
3304	318.22
3305	318.21
3306	318.21
3307	318.21
3308	318.21
3309	318.22
3310	318.22
3311	318.21
3312	318.21
3313	318.21
3314	318.21
3315	318.21
3316	318.22
3317	318.21
3318	318.21
3319	318.21
3320	318.21
3321	318.21
3322	318.21
3323	318.21
3324	318.21
3325	318.21
3326	318.21
3327	318.21
3328	318.21
3329	318.21
3330	318.21
3331	318.21
3332	318.21
3333	318.21
3334	318.21
3335	318.21
3336	318.21
3337	318.21
3338	318.21
3339	318.21
3340	318.21
3341	318.21
3342	318.21
3343	318.21
3344	318.21
3345	318.21
3346	318.21
3347	318.21
3348	318.21
3349	318.21
3350	318.21
3351	318.21
3352	318.21
3353	318.21
3354	318.21
3355	318.21
3356	318.21
3357	318.21
3358	318.21
3359	318.21
3360	318.21
3361	318.21
3362	318.21
3363	318.21
3364	318.21
3365	318.21
3366	318.21
3367	318.21
3368	318.21
3369	318.21
3370	318.21
3371	318.21
3372	318.21
3373	318.21
3374	318.21
3375	318.21
3376	318.21
3377	318.21
3378	318.21
3379	318.21
3380	318.21
3381	318.21
3382	318.21
3383	318.21
3384	318.21
3385	318.21
3386	318.21
3387	318.21
3388	318.21
3389	318.21
3390	318.21
3391	318.21
3392	318.21
3393	318.21
3394	318.21
3395	318.21
3396	318.21
3397	318.21
3398	318.21
3399	318.21
3400	318.21
3401	318.21
3402	318.21
3403	318.21
3404	318.21
3405	318.21
3406	318.21
3407	318.21
3408	318.21
3409	318.21
3410	318.21
3411	318.21
3412	318.21
3413	318.21
3414	318.21
3415	318.21
3416	318.21
3417	318.21
3418	318.21
3419	318.21
3420	318.21
3421	318.21
3422	318.21
3423	318.21
3424	318.21
3425	318.21
3426	318.21
3427	318.21
3428	318.21
3429	318.21
3430	318.21
3431	318.21
3432	318.21
3433	318.21
3434	318.21
3435	318.21
3436	318.21
3437	318.21
3438	318.21
3439	318.21
3440	318.21
3441	318.21
3442	318.21
3443	318.21
3444	318.21
3445	318.21
3446	318.21
3447	318.21
3448	318.21
3449	318.21
3450	318.21
3451	318.21
3452	318.21
3453	318.21
3454	318.21
3455	318.21
3456	318.21
3457	318.21
3458	318.21
3459	318.21
3460	318.21
3461	318.21
3462	318.21
3463	318.21
3464	318.21
3465	318.21
3466	318.21
3467	318.21
3468	318.21
3469	318.21
3470	318.21
3471	318.21
3472	318.21
3473	318.21
3474	318.21
3475	318.21
3476	318.21
3477	318.21
3478	318.21
3479	318.21
3480	318.21
3481	318.21
3482	318.21
3483	318.21
3484	318.21
3485	318.21
3486	318.21
3487	318.21
3488	318.21
3489	318.21
3490	318.21
3491	318.21
3492	318.21
3493	318.21
3494	318.21
3495	318.21
3496	318.21
3497	318.21
3498	318.21
3499	318.21
3500	318.21
3501	318.21
3502	318.21
3503	318.21
3504	318.21
3505	318.21
3506	318.21
3507	318.21
3508	318.21
3509	318.21
3510	318.21
3511	318.21
3512	318.21
3513	318.21
3514	318.21
3515	318.21
3516	318.21
3517	318.21
3518	318.21
3519	318.21
3520	318.22
3521	318.22
3522	318.21
3523	318.21
3524	318.21
3525	318.21
3526	318.21
3527	318.22
3528	318.21
3529	318.21
3530	318.21
3531	318.21
3532	318.21
3533	318.22
3534	318.22
3535	318.21
3536	318.21
3537	318.21
3538	318.21
3539	318.22
3540	318.22
3541	318.22
3542	318.21
3543	318.21
3544	318.21
3545	318.22
3546	318.22
3547	318.22
3548	318.21
3549	318.21
3550	318.21
3551	318.21
3552	318.22
3553	318.22
3554	318.21
3555	318.21
3556	318.21
3557	318.21
3558	318.22
3559	318.22
3560	318.22
3561	318.21
3562	318.21
3563	318.21
3564	318.21
3565	318.22
3566	318.22
3567	318.21
3568	318.21
3569	318.21
3570	318.21
3571	318.22
3572	318.22
3573	318.21
3574	318.21
3575	318.21
3576	318.21
3577	318.21
3578	318.21
3579	318.21
3580	318.21
3581	318.21
3582	318.21
3583	318.21
3584	318.22
3585	318.22
3586	318.21
3587	318.21
3588	318.21
3589	318.21
3590	318.22
3591	318.22
3592	318.22
3593	318.21
3594	318.21
3595	318.21
3596	318.21
3597	318.22
3598	318.22
3599	318.21
3600	318.21
3601	318.21
3602	318.21
3603	318.22
3604	318.22
3605	318.22
3606	318.21
3607	318.21
3608	318.21
3609	318.22
3610	318.22
3611	318.22
3612	318.21
3613	318.21
3614	318.21
3615	318.21
3616	318.22
3617	318.22
3618	318.22
3619	318.21
3620	318.21
3621	318.21
3622	318.22
3623	318.22
3624	318.22
3625	318.21
3626	318.21
3627	318.21
3628	318.22
3629	318.22
3630	318.22
3631	318.21
3632	318.21
3633	318.21
3634	318.21
3635	318.22
3636	318.22
3637	318.22
3638	318.21
3639	318.21
3640	318.21
3641	318.21
3642	318.22
3643	318.22
3644	318.21
3645	318.21
3646	318.21
3647	318.21
3648	318.22
3649	318.22
3650	318.21
3651	318.21
3652	318.21
3653	318.21
3654	318.21
3655	318.22
3656	318.21
3657	318.21
3658	318.21
3659	318.21
3660	318.21
3661	318.22
3662	318.22
3663	318.21
3664	318.21
3665	318.21
3666	318.21
3667	318.22
3668	318.22
3669	318.21
3670	318.21
3671	318.21
3672	318.21
3673	318.21
3674	318.22
3675	318.22
3676	318.21
3677	318.21
3678	318.21
3679	318.21
3680	318.22
3681	318.22
3682	318.21
3683	318.21
3684	318.21
3685	318.21
3686	318.22
3687	318.22
3688	318.22
3689	318.21
3690	318.21
3691	318.21
3692	318.21
3693	318.22
3694	318.22
3695	318.21
3696	318.21
3697	318.21
3698	318.21
3699	318.22
3700	318.22
3701	318.21
3702	318.21
3703	318.21
3704	318.21
3705	318.21
3706	318.22
3707	318.21
3708	318.21
3709	318.21
3710	318.21
3711	318.20
3712	318.21
3713	318.21
3714	318.21
3715	318.21
3716	318.21
3717	318.21
3718	318.21
3719	318.21
3720	318.21
3721	318.21
3722	318.21
3723	318.21
3724	318.21
3725	318.21
3726	318.21
3727	318.21
3728	318.21
3729	318.21
3730	318.21
3731	318.21
3732	318.21
3733	318.21
3734	318.21
3735	318.21
3736	318.21
3737	318.21
3738	318.21
3739	318.21
3740	318.21
3741	318.21
3742	318.21
3743	318.21
3744	318.21
3745	318.21
3746	318.21
3747	318.21
3748	318.21
3749	318.21
3750	318.21
3751	318.21
3752	318.21
3753	318.21
3754	318.21
3755	318.21
3756	318.21
3757	318.21
3758	318.21
3759	318.21
3760	318.21
3761	318.21
3762	318.21
3763	318.21
3764	318.21
3765	318.21
3766	318.21
3767	318.21
3768	318.21
3769	318.21
3770	318.21
3771	318.21
3772	318.21
3773	318.21
3774	318.20
3775	318.20
3776	318.21
3777	318.21
3778	318.21
3779	318.21
3780	318.21
3781	318.21
3782	318.21
3783	318.21
3784	318.21
3785	318.21
3786	318.21
3787	318.21
3788	318.21
3789	318.21
3790	318.21
3791	318.21
3792	318.21
3793	318.21
3794	318.21
3795	318.21
3796	318.21
3797	318.21
3798	318.21
3799	318.21
3800	318.21
3801	318.21
3802	318.21
3803	318.21
3804	318.21
3805	318.21
3806	318.21
3807	318.21
3808	318.21
3809	318.21
3810	318.21
3811	318.21
3812	318.21
3813	318.21
3814	318.21
3815	318.21
3816	318.21
3817	318.21
3818	318.21
3819	318.21
3820	318.21
3821	318.21
3822	318.21
3823	318.21
3824	318.21
3825	318.21
3826	318.21
3827	318.21
3828	318.21
3829	318.21
3830	318.21
3831	318.21
3832	318.21
3833	318.21
3834	318.21
3835	318.21
3836	318.21
3837	318.21
3838	318.20
3839	318.20
3840	318.21
3841	318.21
3842	318.21
3843	318.21
3844	318.21
3845	318.21
3846	318.21
3847	318.21
3848	318.21
3849	318.21
3850	318.21
3851	318.21
3852	318.21
3853	318.21
3854	318.21
3855	318.21
3856	318.21
3857	318.21
3858	318.21
3859	318.21
3860	318.21
3861	318.21
3862	318.21
3863	318.21
3864	318.21
3865	318.21
3866	318.21
3867	318.21
3868	318.21
3869	318.21
3870	318.21
3871	318.21
3872	318.21
3873	318.21
3874	318.21
3875	318.21
3876	318.21
3877	318.21
3878	318.21
3879	318.21
3880	318.21
3881	318.21
3882	318.21
3883	318.21
3884	318.21
3885	318.21
3886	318.21
3887	318.21
3888	318.21
3889	318.21
3890	318.21
3891	318.21
3892	318.21
3893	318.21
3894	318.21
3895	318.21
3896	318.21
3897	318.21
3898	318.21
3899	318.21
3900	318.21
3901	318.20
3902	318.20
3903	318.20
3904	318.21
3905	318.21
3906	318.21
3907	318.21
3908	318.21
3909	318.21
3910	318.21
3911	318.21
3912	318.21
3913	318.21
3914	318.21
3915	318.21
3916	318.21
3917	318.21
3918	318.21
3919	318.21
3920	318.21
3921	318.21
3922	318.21
3923	318.21
3924	318.21
3925	318.21
3926	318.21
3927	318.21
3928	318.21
3929	318.21
3930	318.21
3931	318.21
3932	318.21
3933	318.21
3934	318.21
3935	318.21
3936	318.21
3937	318.21
3938	318.21
3939	318.21
3940	318.21
3941	318.21
3942	318.21
3943	318.21
3944	318.21
3945	318.21
3946	318.21
3947	318.21
3948	318.21
3949	318.21
3950	318.21
3951	318.21
3952	318.21
3953	318.21
3954	318.21
3955	318.21
3956	318.21
3957	318.21
3958	318.21
3959	318.21
3960	318.21
3961	318.21
3962	318.21
3963	318.21
3964	318.21
3965	318.21
3966	318.20
3967	318.20
3968	318.22
3969	318.22
3970	318.21
3971	318.21
3972	318.21
3973	318.21
3974	318.22
3975	318.22
3976	318.22
3977	318.21
3978	318.21
3979	318.21
3980	318.21
3981	318.22
3982	318.22
3983	318.21
3984	318.21
3985	318.21
3986	318.21
3987	318.22
3988	318.22
3989	318.22
3990	318.21
3991	318.21
3992	318.21
3993	318.22
3994	318.22
3995	318.22
3996	318.21
3997	318.21
3998	318.21
3999	318.21
4000	318.22
4001	318.22
4002	318.21
4003	318.21
4004	318.21
4005	318.21
4006	318.22
4007	318.22
4008	318.22
4009	318.21
4010	318.21
4011	318.21
4012	318.21
4013	318.22
4014	318.22
4015	318.21
4016	318.21
4017	318.21
4018	318.21
4019	318.22
4020	318.22
4021	318.21
4022	318.21
4023	318.21
4024	318.21
4025	318.21
4026	318.22
4027	318.22
4028	318.21
4029	318.21
4030	318.20
4031	318.20
4032	318.23
4033	318.22
4034	318.22
4035	318.21
4036	318.21
4037	318.21
4038	318.22
4039	318.22
4040	318.22
4041	318.21
4042	318.21
4043	318.21
4044	318.21
4045	318.22
4046	318.22
4047	318.21
4048	318.21
4049	318.21
4050	318.21
4051	318.22
4052	318.22
4053	318.22
4054	318.21
4055	318.21
4056	318.21
4057	318.22
4058	318.22
4059	318.22
4060	318.21
4061	318.21
4062	318.21
4063	318.21
4064	318.22
4065	318.22
4066	318.22
4067	318.21
4068	318.21
4069	318.21
4070	318.22
4071	318.22
4072	318.22
4073	318.21
4074	318.21
4075	318.21
4076	318.21
4077	318.22
4078	318.22
4079	318.21
4080	318.21
4081	318.21
4082	318.21
4083	318.22
4084	318.22
4085	318.22
4086	318.21
4087	318.21
4088	318.21
4089	318.21
4090	318.22
4091	318.22
4092	318.21
4093	318.21
4094	318.20
4095	318.20
