0
0
0
0
0
0
0
0
0
0
0
0
0
0
0
0
0
0
0
0
0
0
0
0
0
0
0
0
0
0
0
1.021241830065365e-05
0.0005452284864049641
-0.005919798474945535
-0.01117289624183009
-0.00563997821350764
-0.007531488289760364
-0.0003347804818393023
9.361383442265849e-05
0
0
0
0
0
0
0
0
0
0
0
0
1.121030532795332e-05
-0.003573636006068461
0.03063328033916242
0.05435882149117403
0.005158778688190056
0.01932243895479147
-0.004004284620647672
0.0001625494272553187
0
0
0
0
0
0
0
0
0
0
0
9.333492584471622e-20
-0.001197235838779959
-0.02837654396477961
0.3768444308278859
0.7387211839596944
0.5640971371187361
0.6474903492647053
0.07041845012433216
-0.01149577886710242
0
0
0
0
0
0
0
0
0
0
0
3.82965686274652e-05
-0.002361281318082802
-0.04856273694509033
0.4875428410947705
1.049626208469499
1.002903492647059
1.053538228485838
0.1509001875178342
-0.0217207924836602
0
0
0
0
0
0
0
0
0
0
6.127450980393057e-05
0.0008331631263615072
-0.02113664215686329
0.1146563362004535
0.5610312840413937
0.9927895390795206
0.7670271139705882
0.9924631161492378
0.1313493131140188
-0.01949346405228765
0
0
0
7.33765439647801e-05
-0.0003232230392156825
-0.006877042483660147
-0.006134089052287597
-0.0001615264161220111
5.299417064123007e-05
1.889297385620791e-05
-0.0001717388344226528
-0.02152973515795274
0.2077720758442265
0.7183660130718947
0.634441516884531
0.8790821248638343
0.8811240127995643
0.7470981924019605
0.0513697973992089
-0.01091741557734209
0
0
0
0.0004027319668753086
-0.005060688516570953
0.01966756349109254
0.01508137662549393
-0.003613234274999005
0.0002794715770134718
7.414088296440942e-05
-0.01619445803269335
0.0750494612259313
0.7763901288166001
0.6768502766790647
0.6206500957971539
0.6847992166374516
0.5683985569279688
0.2500345651080938
-0.01954251784262819
-0.00077809710162651
0
0
0
-0.01082181729240565
0.07291886233660118
0.5715423474945539
0.5529564610566451
0.05377161628540355
-0.008773796420855323
-0.001808823529411618
-0.02040563725490138
0.5772092524509819
0.924653935185184
0.3936264318617255
0.9740813419117644
0.5191943082788664
-0.02110113698257094
-0.01504956427015245
-0.0006374587256940056
0.0001651007625272341
0
0
0.000107230392156863
-0.03194743385919885
0.2463285164760343
0.952441789215686
0.5557706461056638
0.0175742783224407
-0.005085809791692182
-0.01982460171568576
0.2634784517973862
0.9577456427015256
0.3934265727124174
0.4977934552199257
0.9936936444716775
0.2668950503812632
-0.02876690155228755
-0.0003873740468409355
1.019118666177496e-05
0
0
0
-0.0003557325708060923
-0.03907596510537732
0.3719152879901954
0.9665372923474945
0.16424651075708
-0.01815907543572936
-0.0004113162936692403
-0.03166739855664413
0.6990231651688458
0.8409109647331146
0.1309210409858381
0.7686703728615497
0.6000019744008717
0.0454701456971676
-0.01045789079520696
2.440767973856057e-05
0
0
0
0
-0.007656760620915061
0.02260359341241663
0.6445163739106754
0.8634363596132897
0.05174972766884492
-0.006521190767973493
-0.008157841099017644
0.03316404547930362
0.8064421126089327
0.7758650769335507
0.4811207788671037
0.7701609358227006
0.0313015386710243
-0.01109177559912842
0.0006815767973856129
1.225490196078265e-06
0
0
0
0
-0.0156331104860517
0.09542474620131428
0.8864393182775536
0.7943518575136223
0.01625400853341987
-0.004381344013696638
-0.001394917085268074
-0.0284945069503887
0.579731071569307
0.9926178440884326
1.017084777084778
0.4987310807293685
-0.02715127457774516
0.0004853552647670338
0
0
0
0
0
0
-0.0209652437363835
0.145066701316701
1.044319087009804
0.645960665168846
-0.0004928002450979843
-0.007346677559912342
-0.01480264767029445
0.02419032543573044
0.3801301232298476
1.007658888208061
0.870473430691721
0.2531801428124957
-0.0155824482570806
2.127587145969499e-05
0
0
0
0
0
0
-0.02098464733115474
0.1449385981003625
1.05222824754902
0.564714137391068
0.02545310797930286
-0.001670462282134716
0.1432940802793745
0.6928013344226588
0.9552024101307189
0.7703398182189539
0.184453261165577
0.003952040275569542
-0.001359102668845314
0
0
0
0
0
0
0
-0.01587911900871464
0.09829333292568558
0.8731927083333335
0.9970479983660132
0.833574942129629
0.7311771684368189
0.9073019512725392
0.8814496187363833
0.6287670036764709
0.08861434504357296
-0.02474824686819147
-0.004240654681831151
0.0002757352941176467
0
0
0
0
0
0
0
-0.003276824618736387
0.009884839590721771
0.2527388344226571
0.6931768790849666
0.8029326491013064
0.8663468477668836
0.6182057566616382
0.1375464154411757
-0.0159688861655772
-0.01129884940087118
-4.222834967318298e-05
6.35930047694716e-05
0
0
0
0
0
0
0
0
0.0004321063144592606
-0.003009506152468132
-0.02466771635889313
0.04237464840405979
0.06816996861114474
0.08642024377318458
0.02006042505002966
-0.02141682972565343
-0.002400890709714258
0.0002992132403897143
4.891769597651662e-06
0
0
0
0
0
0
0
0
0
0
0.0001141412906118802
-0.0005301947167755937
-0.009768178104575191
-0.01271275871459699
-0.01469566993464056
-0.007249670484964625
0.0001829724945533806
1.276552287581699e-05
0
0
0
0
0
0
0
0
0
0
0
0
0
0
0
0
0
0
0
0
0
0
0
0
0
0
0
0
0
0
