128 67 
128 88 
128 90 
128 142 
128 2 
128 9 
64 68 
64 89 
64 91 
64 143 
64 3 
64 10 
192 69 
192 90 
192 92 
192 144 
192 4 
192 11 
32 70 
32 91 
32 93 
32 105 
32 5 
32 12 
160 71 
160 92 
160 94 
160 106 
160 6 
160 13 
96 72 
96 93 
96 95 
96 107 
96 7 
96 14 
224 73 
224 94 
224 96 
224 108 
224 8 
224 15 
16 74 
16 95 
16 97 
16 109 
16 225 
16 16 
144 75 
144 96 
144 98 
144 110 
144 226 
144 17 
80 76 
80 97 
80 99 
80 111 
80 227 
80 18 
208 77 
208 98 
208 100 
208 112 
208 228 
208 19 
48 78 
48 99 
48 101 
48 113 
48 229 
48 20 
176 79 
176 100 
176 102 
176 114 
176 230 
176 21 
112 80 
112 101 
112 103 
112 115 
112 231 
112 22 
240 41 
240 102 
240 104 
240 116 
240 232 
240 23 
8 42 
8 103 
8 65 
8 117 
8 233 
8 24 
136 43 
136 104 
136 66 
136 118 
136 234 
136 25 
72 44 
72 105 
72 67 
72 119 
72 235 
72 26 
200 45 
200 106 
200 68 
200 120 
200 236 
200 27 
40 46 
40 107 
40 69 
40 121 
40 237 
40 28 
168 47 
168 108 
168 70 
168 122 
168 238 
168 29 
104 48 
104 109 
104 71 
104 123 
104 239 
104 30 
232 49 
232 110 
232 72 
232 124 
232 240 
232 31 
24 50 
24 111 
24 73 
24 125 
24 241 
24 32 
152 51 
152 112 
152 74 
152 126 
152 242 
152 33 
88 52 
88 113 
88 75 
88 127 
88 243 
88 34 
216 53 
216 114 
216 76 
216 128 
216 244 
216 35 
56 54 
56 115 
56 77 
56 129 
56 245 
56 36 
184 55 
184 116 
184 78 
184 130 
184 246 
184 37 
120 56 
120 117 
120 79 
120 131 
120 247 
120 38 
248 57 
248 118 
248 80 
248 132 
248 248 
248 39 
4 58 
4 119 
4 81 
4 133 
4 249 
4 40 
132 59 
132 120 
132 82 
132 134 
132 250 
132 41 
68 60 
68 81 
68 83 
68 135 
68 251 
68 42 
196 61 
196 82 
196 84 
196 136 
196 252 
196 43 
36 62 
36 83 
36 85 
36 137 
36 253 
36 44 
164 63 
164 84 
164 86 
164 138 
164 254 
164 45 
100 64 
100 85 
100 87 
100 139 
100 255 
100 46 
228 65 
228 86 
228 88 
228 140 
228 0 
228 47 
20 66 
20 87 
20 89 
20 141 
20 1 
20 48 
148 54 
148 219 
148 242 
148 56 
148 213 
148 9 
148 49 
84 55 
84 220 
84 243 
84 57 
84 214 
84 10 
84 50 
212 56 
212 221 
212 244 
212 58 
212 215 
212 11 
212 51 
52 57 
52 222 
52 245 
52 59 
52 216 
52 12 
52 52 
180 58 
180 223 
180 246 
180 60 
180 217 
180 13 
180 53 
116 59 
116 224 
116 247 
116 61 
116 218 
116 14 
116 54 
244 60 
244 225 
244 248 
244 62 
244 219 
244 15 
244 55 
12 61 
12 226 
12 249 
12 63 
12 220 
12 16 
12 56 
140 62 
140 227 
140 250 
140 64 
140 221 
140 17 
140 57 
76 63 
76 228 
76 251 
76 25 
76 222 
76 18 
76 58 
204 64 
204 229 
204 252 
204 26 
204 223 
204 19 
204 59 
44 65 
44 230 
44 253 
44 27 
44 224 
44 20 
44 60 
172 66 
172 231 
172 254 
172 28 
172 185 
172 21 
172 61 
108 67 
108 232 
108 255 
108 29 
108 186 
108 22 
108 62 
236 68 
236 233 
236 0 
236 30 
236 187 
236 23 
236 63 
28 69 
28 234 
28 1 
28 31 
28 188 
28 24 
28 64 
156 70 
156 235 
156 2 
156 32 
156 189 
156 25 
156 65 
92 71 
92 236 
92 3 
92 33 
92 190 
92 26 
92 66 
220 72 
220 237 
220 4 
220 34 
220 191 
220 27 
220 67 
60 73 
60 238 
60 5 
60 35 
60 192 
60 28 
60 68 
188 74 
188 239 
188 6 
188 36 
188 193 
188 29 
188 69 
124 75 
124 240 
124 7 
124 37 
124 194 
124 30 
124 70 
252 76 
252 201 
252 8 
252 38 
252 195 
252 31 
252 71 
2 77 
2 202 
2 9 
2 39 
2 196 
2 32 
2 72 
130 78 
130 203 
130 10 
130 40 
130 197 
130 33 
130 73 
66 79 
66 204 
66 11 
66 41 
66 198 
66 34 
66 74 
194 80 
194 205 
194 12 
194 42 
194 199 
194 35 
194 75 
34 41 
34 206 
34 13 
34 43 
34 200 
34 36 
34 76 
162 42 
162 207 
162 14 
162 44 
162 201 
162 37 
162 77 
98 43 
98 208 
98 15 
98 45 
98 202 
98 38 
98 78 
226 44 
226 209 
226 16 
226 46 
226 203 
226 39 
226 79 
18 45 
18 210 
18 17 
18 47 
18 204 
18 40 
18 80 
146 46 
146 211 
146 18 
146 48 
146 205 
146 41 
146 81 
82 47 
82 212 
82 19 
82 49 
82 206 
82 42 
82 82 
210 48 
210 213 
210 20 
210 50 
210 207 
210 43 
210 83 
50 49 
50 214 
50 21 
50 51 
50 208 
50 44 
50 84 
178 50 
178 215 
178 22 
178 52 
178 209 
178 45 
178 85 
114 51 
114 216 
114 23 
114 53 
114 210 
114 46 
114 86 
242 52 
242 217 
242 24 
242 54 
242 211 
242 47 
242 87 
10 53 
10 218 
10 241 
10 55 
10 212 
10 48 
10 88 
138 137 
138 179 
138 240 
138 32 
138 185 
138 49 
138 89 
74 138 
74 180 
74 201 
74 33 
74 186 
74 50 
74 90 
202 139 
202 181 
202 202 
202 34 
202 187 
202 51 
202 91 
42 140 
42 182 
42 203 
42 35 
42 188 
42 52 
42 92 
170 141 
170 183 
170 204 
170 36 
170 189 
170 53 
170 93 
106 142 
106 184 
106 205 
106 37 
106 190 
106 54 
106 94 
234 143 
234 185 
234 206 
234 38 
234 191 
234 55 
234 95 
26 144 
26 186 
26 207 
26 39 
26 192 
26 56 
26 96 
154 145 
154 187 
154 208 
154 40 
154 193 
154 57 
154 97 
90 146 
90 188 
90 209 
90 41 
90 194 
90 58 
90 98 
218 147 
218 189 
218 210 
218 42 
218 195 
218 59 
218 99 
58 148 
58 190 
58 211 
58 43 
58 196 
58 60 
58 100 
186 149 
186 191 
186 212 
186 44 
186 197 
186 61 
186 101 
122 150 
122 192 
122 213 
122 45 
122 198 
122 62 
122 102 
250 151 
250 193 
250 214 
250 46 
250 199 
250 63 
250 103 
6 152 
6 194 
6 215 
6 47 
6 200 
6 64 
6 104 
134 153 
134 195 
134 216 
134 48 
134 201 
134 65 
134 105 
70 154 
70 196 
70 217 
70 49 
70 202 
70 66 
70 106 
198 155 
198 197 
198 218 
198 50 
198 203 
198 67 
198 107 
38 156 
38 198 
38 219 
38 51 
38 204 
38 68 
38 108 
166 157 
166 199 
166 220 
166 52 
166 205 
166 69 
166 109 
102 158 
102 200 
102 221 
102 53 
102 206 
102 70 
102 110 
230 159 
230 161 
230 222 
230 54 
230 207 
230 71 
230 111 
22 160 
22 162 
22 223 
22 55 
22 208 
22 72 
22 112 
150 121 
150 163 
150 224 
150 56 
150 209 
150 73 
150 113 
86 122 
86 164 
86 225 
86 57 
86 210 
86 74 
86 114 
214 123 
214 165 
214 226 
214 58 
214 211 
214 75 
214 115 
54 124 
54 166 
54 227 
54 59 
54 212 
54 76 
54 116 
182 125 
182 167 
182 228 
182 60 
182 213 
182 77 
182 117 
118 126 
118 168 
118 229 
118 61 
118 214 
118 78 
118 118 
246 127 
246 169 
246 230 
246 62 
246 215 
246 79 
246 119 
14 128 
14 170 
14 231 
14 63 
14 216 
14 80 
14 120 
142 129 
142 171 
142 232 
142 64 
142 217 
142 81 
142 121 
78 130 
78 172 
78 233 
78 25 
78 218 
78 82 
78 122 
206 131 
206 173 
206 234 
206 26 
206 219 
206 83 
206 123 
46 132 
46 174 
46 235 
46 27 
46 220 
46 84 
46 124 
174 133 
174 175 
174 236 
174 28 
174 221 
174 85 
174 125 
110 134 
110 176 
110 237 
110 29 
110 222 
110 86 
110 126 
238 135 
238 177 
238 238 
238 30 
238 223 
238 87 
238 127 
30 136 
30 178 
30 239 
30 31 
30 224 
30 88 
30 128 
158 20 
158 114 
158 80 
158 120 
158 89 
158 129 
94 21 
94 115 
94 81 
94 121 
94 90 
94 130 
222 22 
222 116 
222 82 
222 122 
222 91 
222 131 
62 23 
62 117 
62 83 
62 123 
62 92 
62 132 
190 24 
190 118 
190 84 
190 124 
190 93 
190 133 
126 25 
126 119 
126 85 
126 125 
126 94 
126 134 
254 26 
254 120 
254 86 
254 126 
254 95 
254 135 
1 27 
1 81 
1 87 
1 127 
1 96 
1 136 
129 28 
129 82 
129 88 
129 128 
129 97 
129 137 
65 29 
65 83 
65 89 
65 129 
65 98 
65 138 
193 30 
193 84 
193 90 
193 130 
193 99 
193 139 
33 31 
33 85 
33 91 
33 131 
33 100 
33 140 
161 32 
161 86 
161 92 
161 132 
161 101 
161 141 
97 33 
97 87 
97 93 
97 133 
97 102 
97 142 
225 34 
225 88 
225 94 
225 134 
225 103 
225 143 
17 35 
17 89 
17 95 
17 135 
17 104 
17 144 
145 36 
145 90 
145 96 
145 136 
145 105 
145 145 
81 37 
81 91 
81 97 
81 137 
81 106 
81 146 
209 38 
209 92 
209 98 
209 138 
209 107 
209 147 
49 39 
49 93 
49 99 
49 139 
49 108 
49 148 
177 40 
177 94 
177 100 
177 140 
177 109 
177 149 
113 1 
113 95 
113 101 
113 141 
113 110 
113 150 
241 2 
241 96 
241 102 
241 142 
241 111 
241 151 
9 3 
9 97 
9 103 
9 143 
9 112 
9 152 
137 4 
137 98 
137 104 
137 144 
137 113 
137 153 
73 5 
73 99 
73 65 
73 105 
73 114 
73 154 
201 6 
201 100 
201 66 
201 106 
201 115 
201 155 
41 7 
41 101 
41 67 
41 107 
41 116 
41 156 
169 8 
169 102 
169 68 
169 108 
169 117 
169 157 
105 9 
105 103 
105 69 
105 109 
105 118 
105 158 
233 10 
233 104 
233 70 
233 110 
233 119 
233 159 
25 11 
25 105 
25 71 
25 111 
25 120 
25 160 
153 12 
153 106 
153 72 
153 112 
153 121 
153 161 
89 13 
89 107 
89 73 
89 113 
89 122 
89 162 
217 14 
217 108 
217 74 
217 114 
217 123 
217 163 
57 15 
57 109 
57 75 
57 115 
57 124 
57 164 
185 16 
185 110 
185 76 
185 116 
185 125 
185 165 
121 17 
121 111 
121 77 
121 117 
121 126 
121 166 
249 18 
249 112 
249 78 
249 118 
249 127 
249 167 
5 19 
5 113 
5 79 
5 119 
5 128 
5 168 
133 82 
133 21 
133 144 
133 153 
133 129 
133 169 
69 83 
69 22 
69 105 
69 154 
69 130 
69 170 
197 84 
197 23 
197 106 
197 155 
197 131 
197 171 
37 85 
37 24 
37 107 
37 156 
37 132 
37 172 
165 86 
165 241 
165 108 
165 157 
165 133 
165 173 
101 87 
101 242 
101 109 
101 158 
101 134 
101 174 
229 88 
229 243 
229 110 
229 159 
229 135 
229 175 
21 89 
21 244 
21 111 
21 160 
21 136 
21 176 
149 90 
149 245 
149 112 
149 161 
149 137 
149 177 
85 91 
85 246 
85 113 
85 162 
85 138 
85 178 
213 92 
213 247 
213 114 
213 163 
213 139 
213 179 
53 93 
53 248 
53 115 
53 164 
53 140 
53 180 
181 94 
181 249 
181 116 
181 165 
181 141 
181 181 
117 95 
117 250 
117 117 
117 166 
117 142 
117 182 
245 96 
245 251 
245 118 
245 167 
245 143 
245 183 
13 97 
13 252 
13 119 
13 168 
13 144 
13 184 
141 98 
141 253 
141 120 
141 169 
141 145 
141 185 
77 99 
77 254 
77 121 
77 170 
77 146 
77 186 
205 100 
205 255 
205 122 
205 171 
205 147 
205 187 
45 101 
45 0 
45 123 
45 172 
45 148 
45 188 
173 102 
173 1 
173 124 
173 173 
173 149 
173 189 
109 103 
109 2 
109 125 
109 174 
109 150 
109 190 
237 104 
237 3 
237 126 
237 175 
237 151 
237 191 
29 105 
29 4 
29 127 
29 176 
29 152 
29 192 
157 106 
157 5 
157 128 
157 177 
157 153 
157 193 
93 107 
93 6 
93 129 
93 178 
93 154 
93 194 
221 108 
221 7 
221 130 
221 179 
221 155 
221 195 
61 109 
61 8 
61 131 
61 180 
61 156 
61 196 
189 110 
189 9 
189 132 
189 181 
189 157 
189 197 
125 111 
125 10 
125 133 
125 182 
125 158 
125 198 
253 112 
253 11 
253 134 
253 183 
253 159 
253 199 
3 113 
3 12 
3 135 
3 184 
3 160 
3 200 
131 114 
131 13 
131 136 
131 145 
131 161 
131 201 
67 115 
67 14 
67 137 
67 146 
67 162 
67 202 
195 116 
195 15 
195 138 
195 147 
195 163 
195 203 
35 117 
35 16 
35 139 
35 148 
35 164 
35 204 
163 118 
163 17 
163 140 
163 149 
163 165 
163 205 
99 119 
99 18 
99 141 
99 150 
99 166 
99 206 
227 120 
227 19 
227 142 
227 151 
227 167 
227 207 
19 81 
19 20 
19 143 
19 152 
19 168 
19 208 
147 195 
147 63 
147 186 
147 225 
147 169 
147 209 
83 196 
83 64 
83 187 
83 226 
83 170 
83 210 
211 197 
211 25 
211 188 
211 227 
211 171 
211 211 
51 198 
51 26 
51 189 
51 228 
51 172 
51 212 
179 199 
179 27 
179 190 
179 229 
179 173 
179 213 
115 200 
115 28 
115 191 
115 230 
115 174 
115 214 
243 161 
243 29 
243 192 
243 231 
243 175 
243 215 
11 162 
11 30 
11 193 
11 232 
11 176 
11 216 
139 163 
139 31 
139 194 
139 233 
139 177 
139 217 
75 164 
75 32 
75 195 
75 234 
75 178 
75 218 
203 165 
203 33 
203 196 
203 235 
203 179 
203 219 
43 166 
43 34 
43 197 
43 236 
43 180 
43 220 
171 167 
171 35 
171 198 
171 237 
171 181 
171 221 
107 168 
107 36 
107 199 
107 238 
107 182 
107 222 
235 169 
235 37 
235 200 
235 239 
235 183 
235 223 
27 170 
27 38 
27 201 
27 240 
27 184 
27 224 
155 171 
155 39 
155 202 
155 241 
155 185 
155 225 
91 172 
91 40 
91 203 
91 242 
91 186 
91 226 
219 173 
219 41 
219 204 
219 243 
219 187 
219 227 
59 174 
59 42 
59 205 
59 244 
59 188 
59 228 
187 175 
187 43 
187 206 
187 245 
187 189 
187 229 
123 176 
123 44 
123 207 
123 246 
123 190 
123 230 
251 177 
251 45 
251 208 
251 247 
251 191 
251 231 
7 178 
7 46 
7 209 
7 248 
7 192 
7 232 
135 179 
135 47 
135 210 
135 249 
135 193 
135 233 
71 180 
71 48 
71 211 
71 250 
71 194 
71 234 
199 181 
199 49 
199 212 
199 251 
199 195 
199 235 
39 182 
39 50 
39 213 
39 252 
39 196 
39 236 
167 183 
167 51 
167 214 
167 253 
167 197 
167 237 
103 184 
103 52 
103 215 
103 254 
103 198 
103 238 
231 185 
231 53 
231 216 
231 255 
231 199 
231 239 
23 186 
23 54 
23 217 
23 0 
23 200 
23 240 
151 187 
151 55 
151 218 
151 1 
151 201 
151 241 
87 188 
87 56 
87 219 
87 2 
87 202 
87 242 
215 189 
215 57 
215 220 
215 3 
215 203 
215 243 
55 190 
55 58 
55 221 
55 4 
55 204 
55 244 
183 191 
183 59 
183 222 
183 5 
183 205 
183 245 
119 192 
119 60 
119 223 
119 6 
119 206 
119 246 
247 193 
247 61 
247 224 
247 7 
247 207 
247 247 
15 194 
15 62 
15 185 
15 8 
15 208 
15 248 
143 106 
143 148 
143 131 
143 167 
143 209 
143 249 
79 107 
79 149 
79 132 
79 168 
79 210 
79 250 
207 108 
207 150 
207 133 
207 169 
207 211 
207 251 
47 109 
47 151 
47 134 
47 170 
47 212 
47 252 
175 110 
175 152 
175 135 
175 171 
175 213 
175 253 
111 111 
111 153 
111 136 
111 172 
111 214 
111 254 
239 112 
239 154 
239 137 
239 173 
239 215 
239 255 
31 113 
31 155 
31 138 
31 174 
31 216 
31 0 
159 114 
159 156 
159 139 
159 175 
159 217 
159 1 
95 115 
95 157 
95 140 
95 176 
95 218 
95 2 
223 116 
223 158 
223 141 
223 177 
223 219 
223 3 
63 117 
63 159 
63 142 
63 178 
63 220 
63 4 
191 118 
191 160 
191 143 
191 179 
191 221 
191 5 
127 119 
127 121 
127 144 
127 180 
127 222 
127 6 
255 120 
255 122 
255 105 
255 181 
255 223 
255 7 
0 81 
0 123 
0 106 
0 182 
0 224 
0 8 
128 82 
128 124 
128 107 
128 183 
128 225 
128 9 
64 83 
64 125 
64 108 
64 184 
64 226 
64 10 
192 84 
192 126 
192 109 
192 145 
192 227 
192 11 
32 85 
32 127 
32 110 
32 146 
32 228 
32 12 
160 86 
160 128 
160 111 
160 147 
160 229 
160 13 
96 87 
96 129 
96 112 
96 148 
96 230 
96 14 
224 88 
224 130 
224 113 
224 149 
224 231 
224 15 
16 89 
16 131 
16 114 
16 150 
16 232 
16 16 
144 90 
144 132 
144 115 
144 151 
144 233 
144 17 
80 91 
80 133 
80 116 
80 152 
80 234 
80 18 
208 92 
208 134 
208 117 
208 153 
208 235 
208 19 
48 93 
48 135 
48 118 
48 154 
48 236 
48 20 
176 94 
176 136 
176 119 
176 155 
176 237 
176 21 
112 95 
112 137 
112 120 
112 156 
112 238 
112 22 
240 96 
240 138 
240 121 
240 157 
240 239 
240 23 
8 97 
8 139 
8 122 
8 158 
8 240 
8 24 
136 98 
136 140 
136 123 
136 159 
136 241 
136 25 
72 99 
72 141 
72 124 
72 160 
72 242 
72 26 
200 100 
200 142 
200 125 
200 161 
200 243 
200 27 
40 101 
40 143 
40 126 
40 162 
40 244 
40 28 
168 102 
168 144 
168 127 
168 163 
168 245 
168 29 
104 103 
104 145 
104 128 
104 164 
104 246 
104 30 
232 104 
232 146 
232 129 
232 165 
232 247 
232 31 
24 105 
24 147 
24 130 
24 166 
24 248 
24 32 
152 70 
152 88 
152 23 
152 138 
152 249 
152 33 
88 71 
88 89 
88 24 
88 139 
88 250 
88 34 
216 72 
216 90 
216 241 
216 140 
216 251 
216 35 
56 73 
56 91 
56 242 
56 141 
56 252 
56 36 
184 74 
184 92 
184 243 
184 142 
184 253 
184 37 
120 75 
120 93 
120 244 
120 143 
120 254 
120 38 
248 76 
248 94 
248 245 
248 144 
248 255 
248 39 
4 77 
4 95 
4 246 
4 105 
4 0 
4 40 
132 78 
132 96 
132 247 
132 106 
132 1 
132 41 
68 79 
68 97 
68 248 
68 107 
68 2 
68 42 
196 80 
196 98 
196 249 
196 108 
196 3 
196 43 
36 41 
36 99 
36 250 
36 109 
36 4 
36 44 
164 42 
164 100 
164 251 
164 110 
164 5 
164 45 
100 43 
100 101 
100 252 
100 111 
100 6 
100 46 
228 44 
228 102 
228 253 
228 112 
228 7 
228 47 
20 45 
20 103 
20 254 
20 113 
20 8 
20 48 
148 46 
148 104 
148 255 
148 114 
148 9 
148 49 
84 47 
84 105 
84 0 
84 115 
84 10 
84 50 
212 48 
212 106 
212 1 
212 116 
212 11 
212 51 
52 49 
52 107 
52 2 
52 117 
52 12 
52 52 
180 50 
180 108 
180 3 
180 118 
180 13 
180 53 
116 51 
116 109 
116 4 
116 119 
116 14 
116 54 
244 52 
244 110 
244 5 
244 120 
244 15 
244 55 
12 53 
12 111 
12 6 
12 121 
12 16 
12 56 
140 54 
140 112 
140 7 
140 122 
140 17 
140 57 
76 55 
76 113 
76 8 
76 123 
76 18 
76 58 
204 56 
204 114 
204 9 
204 124 
204 19 
204 59 
44 57 
44 115 
44 10 
44 125 
44 20 
44 60 
172 58 
172 116 
172 11 
172 126 
172 21 
172 61 
108 59 
108 117 
108 12 
108 127 
108 22 
108 62 
236 60 
236 118 
236 13 
236 128 
236 23 
236 63 
28 61 
28 119 
28 14 
28 129 
28 24 
28 64 
156 62 
156 120 
156 15 
156 130 
156 25 
156 65 
92 63 
92 81 
92 16 
92 131 
92 26 
92 66 
220 64 
220 82 
220 17 
220 132 
220 27 
220 67 
60 65 
60 83 
60 18 
60 133 
60 28 
60 68 
188 66 
188 84 
188 19 
188 134 
188 29 
188 69 
124 67 
124 85 
124 20 
124 135 
124 30 
124 70 
252 68 
252 86 
252 21 
252 136 
252 31 
252 71 
2 69 
2 87 
2 22 
2 137 
2 32 
2 72 
130 29 
130 198 
130 217 
130 62 
130 214 
130 33 
130 73 
66 30 
66 199 
66 218 
66 63 
66 215 
66 34 
66 74 
194 31 
194 200 
194 219 
194 64 
194 216 
194 35 
194 75 
34 32 
34 161 
34 220 
34 25 
34 217 
34 36 
34 76 
162 33 
162 162 
162 221 
162 26 
162 218 
162 37 
162 77 
98 34 
98 163 
98 222 
98 27 
98 219 
98 38 
98 78 
226 35 
226 164 
226 223 
226 28 
226 220 
226 39 
226 79 
18 36 
18 165 
18 224 
18 29 
18 221 
18 40 
18 80 
146 37 
146 166 
146 225 
146 30 
146 222 
146 41 
146 81 
82 38 
82 167 
82 226 
82 31 
82 223 
82 42 
82 82 
210 39 
210 168 
210 227 
210 32 
210 224 
210 43 
210 83 
50 40 
50 169 
50 228 
50 33 
50 185 
50 44 
50 84 
178 1 
178 170 
178 229 
178 34 
178 186 
178 45 
178 85 
114 2 
114 171 
114 230 
114 35 
114 187 
114 46 
114 86 
242 3 
242 172 
242 231 
242 36 
242 188 
242 47 
242 87 
10 4 
10 173 
10 232 
10 37 
10 189 
10 48 
10 88 
138 5 
138 174 
138 233 
138 38 
138 190 
138 49 
138 89 
74 6 
74 175 
74 234 
74 39 
74 191 
74 50 
74 90 
202 7 
202 176 
202 235 
202 40 
202 192 
202 51 
202 91 
42 8 
42 177 
42 236 
42 41 
42 193 
42 52 
42 92 
170 9 
170 178 
170 237 
170 42 
170 194 
170 53 
170 93 
106 10 
106 179 
106 238 
106 43 
106 195 
106 54 
106 94 
234 11 
234 180 
234 239 
234 44 
234 196 
234 55 
234 95 
26 12 
26 181 
26 240 
26 45 
26 197 
26 56 
26 96 
154 13 
154 182 
154 201 
154 46 
154 198 
154 57 
154 97 
90 14 
90 183 
90 202 
90 47 
90 199 
90 58 
90 98 
218 15 
218 184 
218 203 
218 48 
218 200 
218 59 
218 99 
58 16 
58 185 
58 204 
58 49 
58 201 
58 60 
58 100 
186 17 
186 186 
186 205 
186 50 
186 202 
186 61 
186 101 
122 18 
122 187 
122 206 
122 51 
122 203 
122 62 
122 102 
250 19 
250 188 
250 207 
250 52 
250 204 
250 63 
250 103 
6 20 
6 189 
6 208 
6 53 
6 205 
6 64 
6 104 
134 21 
134 190 
134 209 
134 54 
134 206 
134 65 
134 105 
70 22 
70 191 
70 210 
70 55 
70 207 
70 66 
70 106 
198 23 
198 192 
198 211 
198 56 
198 208 
198 67 
198 107 
38 24 
38 193 
38 212 
38 57 
38 209 
38 68 
38 108 
166 25 
166 194 
166 213 
166 58 
166 210 
166 69 
166 109 
102 26 
102 195 
102 214 
102 59 
102 211 
102 70 
102 110 
230 27 
230 196 
230 215 
230 60 
230 212 
230 71 
230 111 
22 28 
22 197 
22 216 
22 61 
22 213 
22 72 
22 112 
150 227 
150 46 
150 155 
150 193 
150 73 
150 113 
86 228 
86 47 
86 156 
86 194 
86 74 
86 114 
214 229 
214 48 
214 157 
214 195 
214 75 
214 115 
54 230 
54 49 
54 158 
54 196 
54 76 
54 116 
182 231 
182 50 
182 159 
182 197 
182 77 
182 117 
118 232 
118 51 
118 160 
118 198 
118 78 
118 118 
246 233 
246 52 
246 161 
246 199 
246 79 
246 119 
14 234 
14 53 
14 162 
14 200 
14 80 
14 120 
142 235 
142 54 
142 163 
142 201 
142 81 
142 121 
78 236 
78 55 
78 164 
78 202 
78 82 
78 122 
206 237 
206 56 
206 165 
206 203 
206 83 
206 123 
46 238 
46 57 
46 166 
46 204 
46 84 
46 124 
174 239 
174 58 
174 167 
174 205 
174 85 
174 125 
110 240 
110 59 
110 168 
110 206 
110 86 
110 126 
238 201 
238 60 
238 169 
238 207 
238 87 
238 127 
30 202 
30 61 
30 170 
30 208 
30 88 
30 128 
158 203 
158 62 
158 171 
158 209 
158 89 
158 129 
94 204 
94 63 
94 172 
94 210 
94 90 
94 130 
222 205 
222 64 
222 173 
222 211 
222 91 
222 131 
62 206 
62 25 
62 174 
62 212 
62 92 
62 132 
190 207 
190 26 
190 175 
190 213 
190 93 
190 133 
126 208 
126 27 
126 176 
126 214 
126 94 
126 134 
254 209 
254 28 
254 177 
254 215 
254 95 
254 135 
1 210 
1 29 
1 178 
1 216 
1 96 
1 136 
129 211 
129 30 
129 179 
129 217 
129 97 
129 137 
65 212 
65 31 
65 180 
65 218 
65 98 
65 138 
193 213 
193 32 
193 181 
193 219 
193 99 
193 139 
33 214 
33 33 
33 182 
33 220 
33 100 
33 140 
161 215 
161 34 
161 183 
161 221 
161 101 
161 141 
97 216 
97 35 
97 184 
97 222 
97 102 
97 142 
225 217 
225 36 
225 145 
225 223 
225 103 
225 143 
17 218 
17 37 
17 146 
17 224 
17 104 
17 144 
145 219 
145 38 
145 147 
145 185 
145 105 
145 145 
81 220 
81 39 
81 148 
81 186 
81 106 
81 146 
209 221 
209 40 
209 149 
209 187 
209 107 
209 147 
49 222 
49 41 
49 150 
49 188 
49 108 
49 148 
177 223 
177 42 
177 151 
177 189 
177 109 
177 149 
113 224 
113 43 
113 152 
113 190 
113 110 
113 150 
241 225 
241 44 
241 153 
241 191 
241 111 
241 151 
9 226 
9 45 
9 154 
9 192 
9 112 
9 152 
137 114 
137 136 
137 66 
137 136 
137 113 
137 153 
73 115 
73 137 
73 67 
73 137 
73 114 
73 154 
201 116 
201 138 
201 68 
201 138 
201 115 
201 155 
41 117 
41 139 
41 69 
41 139 
41 116 
41 156 
169 118 
169 140 
169 70 
169 140 
169 117 
169 157 
105 119 
105 141 
105 71 
105 141 
105 118 
105 158 
233 120 
233 142 
233 72 
233 142 
233 119 
233 159 
25 81 
25 143 
25 73 
25 143 
25 120 
25 160 
153 82 
153 144 
153 74 
153 144 
153 121 
153 161 
89 83 
89 145 
89 75 
89 105 
89 122 
89 162 
217 84 
217 146 
217 76 
217 106 
217 123 
217 163 
57 85 
57 147 
57 77 
57 107 
57 124 
57 164 
185 86 
185 148 
185 78 
185 108 
185 125 
185 165 
121 87 
121 149 
121 79 
121 109 
121 126 
121 166 
249 88 
249 150 
249 80 
249 110 
249 127 
249 167 
5 89 
5 151 
5 81 
5 111 
5 128 
5 168 
133 90 
133 152 
133 82 
133 112 
133 129 
133 169 
69 91 
69 153 
69 83 
69 113 
69 130 
69 170 
197 92 
197 154 
197 84 
197 114 
197 131 
197 171 
37 93 
37 155 
37 85 
37 115 
37 132 
37 172 
165 94 
165 156 
165 86 
165 116 
165 133 
165 173 
101 95 
101 157 
101 87 
101 117 
101 134 
101 174 
229 96 
229 158 
229 88 
229 118 
229 135 
229 175 
21 97 
21 159 
21 89 
21 119 
21 136 
21 176 
149 98 
149 160 
149 90 
149 120 
149 137 
149 177 
85 99 
85 121 
85 91 
85 121 
85 138 
85 178 
213 100 
213 122 
213 92 
213 122 
213 139 
213 179 
53 101 
53 123 
53 93 
53 123 
53 140 
53 180 
181 102 
181 124 
181 94 
181 124 
181 141 
181 181 
117 103 
117 125 
117 95 
117 125 
117 142 
117 182 
245 104 
245 126 
245 96 
245 126 
245 143 
245 183 
13 105 
13 127 
13 97 
13 127 
13 144 
13 184 
141 106 
141 128 
141 98 
141 128 
141 145 
141 185 
77 107 
77 129 
77 99 
77 129 
77 146 
77 186 
205 108 
205 130 
205 100 
205 130 
205 147 
205 187 
45 109 
45 131 
45 101 
45 131 
45 148 
45 188 
173 110 
173 132 
173 102 
173 132 
173 149 
173 189 
109 111 
109 133 
109 103 
109 133 
109 150 
109 190 
237 112 
237 134 
237 104 
237 134 
237 151 
237 191 
29 113 
29 135 
29 65 
29 135 
29 152 
29 192 
157 38 
157 215 
157 64 
157 199 
157 2 
157 153 
93 39 
93 216 
93 25 
93 200 
93 3 
93 154 
221 40 
221 217 
221 26 
221 201 
221 4 
221 155 
61 1 
61 218 
61 27 
61 202 
61 5 
61 156 
189 2 
189 219 
189 28 
189 203 
189 6 
189 157 
125 3 
125 220 
125 29 
125 204 
125 7 
125 158 
253 4 
253 221 
253 30 
253 205 
253 8 
253 159 
3 5 
3 222 
3 31 
3 206 
3 225 
3 160 
131 6 
131 223 
131 32 
131 207 
131 226 
131 161 
67 7 
67 224 
67 33 
67 208 
67 227 
67 162 
195 8 
195 225 
195 34 
195 209 
195 228 
195 163 
35 9 
35 226 
35 35 
35 210 
35 229 
35 164 
163 10 
163 227 
163 36 
163 211 
163 230 
163 165 
99 11 
99 228 
99 37 
99 212 
99 231 
99 166 
227 12 
227 229 
227 38 
227 213 
227 232 
227 167 
19 13 
19 230 
19 39 
19 214 
19 233 
19 168 
147 14 
147 231 
147 40 
147 215 
147 234 
147 169 
83 15 
83 232 
83 41 
83 216 
83 235 
83 170 
211 16 
211 233 
211 42 
211 217 
211 236 
211 171 
51 17 
51 234 
51 43 
51 218 
51 237 
51 172 
179 18 
179 235 
179 44 
179 219 
179 238 
179 173 
115 19 
115 236 
115 45 
115 220 
115 239 
115 174 
243 20 
243 237 
243 46 
243 221 
243 240 
243 175 
11 21 
11 238 
11 47 
11 222 
11 241 
11 176 
139 22 
139 239 
139 48 
139 223 
139 242 
139 177 
75 23 
75 240 
75 49 
75 224 
75 243 
75 178 
203 24 
203 201 
203 50 
203 185 
203 244 
203 179 
43 25 
43 202 
43 51 
43 186 
43 245 
43 180 
171 26 
171 203 
171 52 
171 187 
171 246 
171 181 
107 27 
107 204 
107 53 
107 188 
107 247 
107 182 
235 28 
235 205 
235 54 
235 189 
235 248 
235 183 
27 29 
27 206 
27 55 
27 190 
27 249 
27 184 
155 30 
155 207 
155 56 
155 191 
155 250 
155 185 
91 31 
91 208 
91 57 
91 192 
91 251 
91 186 
219 32 
219 209 
219 58 
219 193 
219 252 
219 187 
59 33 
59 210 
59 59 
59 194 
59 253 
59 188 
187 34 
187 211 
187 60 
187 195 
187 254 
187 189 
123 35 
123 212 
123 61 
123 196 
123 255 
123 190 
251 36 
251 213 
251 62 
251 197 
251 0 
251 191 
7 37 
7 214 
7 63 
7 198 
7 1 
7 192 
